45006
213802
67695982
150648
1237196
36960689
52904959
193297
917704
45618
5591500
1627983
831782
4471828
820612
13359689
83445
216
31278347
423903
2120450
41888142
4280522
1471666
143168
16095335
2158790
5038680
42834236
1987133
5147104
627764
925949
2431873
2981975
1003021
40937162
5246491
7190
316102
66226990
86362
2133982
56467159
216786
8369202
825782
16487011
48837931
1455178
4147912
1079988
1832562
24218035
52358180
58264936
818870
1910250
655723
710529
1620789
76066
214250
2116076
13315571
171430
56501259
193607
14128037
11956979
18915709
58507
11394881
348888
603238
428392
10668495
60764116
446647
1809175
2997696
1985116
2190708
236356
6304446
13868271
2764784
1124507
1069643
836095
856442
8487378
22371819
22733865
18131631
1771463
9187712
1715961
20538538
1533825
1019690
39585783
639730
18086602
55
6078688
68413450
1339242
73
788481
20575427
666003
32278959
19834777
1200016
7805187
126060
7206723
3925186
27435
35662134
46417
395578
9176315
369169
766737
2398149
953874
28266634
20434984
6415645
29814965
1969124
19059508
32477248
145381
9963666
118210
5015124
9256971
44153179
44279821
94621
4278071
250
1091018
353993
574163
1898080
15730500
1782095
1100689
2450538
7910716
3706008
104673
133
3271359
1790150
44638302
472
1252572
27907610
124
1283736
4807024
1364097
47
9229732
1621227
5059055
51193808
307128
1088755
4802330
63725086
5724916
10772541
1780545
634508
7972848
4296003
20429583
18552832
31532699
41612121
656888
1819232
4381153
57911866
54205926
2320578
7276210
659429
58177555
9032502
138700
687549
3856732
11282704
2160864
7478358
1053957
947106
18372695
10336538
4811915
46099124
411
49924123
60702560
175283
24577289
42094536
2611544
1844218
1009306
1795364
45478692
62730330
64264759
29742229
77
2841909
15736187
57610783
5809391
1088785
2116738
44551499
5005999
7536513
68299262
146952
326
1525985
25863912
57558684
33720863
43910145
184795
213
5006423
439498
951142
110067
24027706
2890743
40656322
354768
217247
3136342
34374627
199615
1077376
63689436
8632849
63315266
690369
8580598
33485854
10244534
1842216
12523810
18257704
144036
79051
24592058
19322905
1357374
56859360
152183
7613731
166
1741591
4442512
27572
865877
1671713
889496
7610298
4130485
53099639
3
1702839
3085530
1195748
4744781
4456653
23136954
1218817
8161922
12701459
17495107
1620696
455416
18810524
53479760
530090
16568516
65338547
127893
801835
5906292
291083
1359979
2648927
7891442
1215681
53972657
9040935
640135
5572410
1599537
408445
5736741
651429
1440600
1824128
3815567
23816711
31
2266574
284553
812792
31597480
952677
2203847
5
7086724
9678055
1825252
235198
18409907
4534136
351189
1210668
147093
4414952
250817
15799515
3884136
251
1522951
294354
249161
4921162
6845523
68030259
2103930
532573
1378045
1014716
1621950
46782710
1092762
63372
1345270
261332
23818710
67720437
25079585
77188
1477945
7725776
271083
5253695
856380
3831292
8
39646222
1246928
3441170
382274
1879140
1654089
1783184
19088953
15838224
2518605
19371574
36179131
2513381
2533120
948578
1489622
300764
1883605
182
3259717
4796152
5607332
17104390
25715575
36011329
1784250
3085562
23502015
21762
49740250
110539
999
1237790
7308319
4695
14436697
1671146
12693045
330662
3770867
4619232
56
1200712
999233
1376255
109880
1283594
20014631
1358561
34094803
12596
41241696
20853557
5976557
4757816
4428555
7567696
150
9
19771675
5983610
3553075
1556226
1562421
140214
1874316
40271373
1705027
1229287
8924006
91
4561795
24464811
12811663
359568
2699177
115796
13316643
120
4001876
1475812
9067560
15896
1693895
15820730
903002
19390406
57926
280237
25
21918027
5193845
5203569
35
19596298
1804656
17666079
1271120
1182857
9469033
1119177
183
2332622
4496242
16558692
602951
34
1617478
32821334
1883644
16418353
1857516
3205982
19122791
378
642839
61156858
112045
3232518
330309
37708743
1910870
581392
8940
1068530
2350266
119
18
1995232
6791249
1073454
2254449
36
1702195
19431634
2337213
422843
11518085
1852687
6176568
253770
15466814
19013035
9216412
55422
27849339
1144330
2015503
1434738
70
14
1705151
327
1770376
258605
31502
903173
1052359
1548731
20369163
1466319
529
16204614
8094268
9842584
46
5477574
6268036
3937688
53727558
1810146
2262223
219514
3222913
3284904
21047175
10510126
95824
2323207
7469789
27790285
1019715
67486874
945126
692030
22942929
5014975
48870425
2789848
1561714
25059841
1087040
4351097
21
1384285
187080
1558909
127132
633463
7477103
14081344
66532274
15548917
3340308
27896978
464037
2102682
29426621
630618
1147841
9432627
14226505
106
66233544
3446963
4057240
709065
325
44372916
4106608
32609950
687803
1968451
73194
4665755
959977
17048482
1576317
1172851
6658402
4013374
1174772
7618126
57164587
701521
32219066
3915807
1824292
1008634
196884
1267789
1146564
61831157
713
264582
3882528
48645187
57200903
1720399
256388
2187102
83914
3302646
2641977
6637075
1078847
8116631
702
9440418
701037
660741
22156721
20091
1743375
153
140
4161505
2039725
33625967
1212240
66449
1669831
221572
2153547
31169568
395480
36559192
2524742
437821
803769
20233135
2
6878216
9815179
1301701
54147930
502594
1156277
302054
7076760
377559
3428708
51569253
1468956
1908146
4594174
1410
4348054
966728
7329307
11860969
2004107
643956
7539212
31480722
12958350
202871
1017883
55181839
45686541
4090840
38074719
2546536
3540861
2778238
1232728
1764918
15029235
29444285
8466047
41325
4196062
48548639
887291
11914125
1894741
6637405
219870
103
198
2535954
1850272
6357721
75051
18117759
6
2448887
1760454
7547000
2042955
8574839
1774706
61
21938692
383733
14766037
660593
27666424
1178999
284
53
622003
1520903
2154321
15982718
897110
9794727
4433656
6025681
2021749
140567
307318
354623
1622469
2627484
767769
82157
23109254
78508
22638451
7348550
65
271424
1532736
43677124
69526
413
14882284
19345444
33544672
3007907
4292351
563860
627289
14099773
18131668
45756275
630
1022577
180023
3787321
37283020
15
45436
7893143
1212770
80
870271
738900
26496539
73189
1326392
7673885
55687
12001320
984988
1556200
907103
22440321
1619585
50018177
2954280
170093
1317598
59502877
8173836
1032899
3755720
44457592
8266084
14299636
784765
361971
9634643
4113278
117
30
6435090
7257178
48947476
20489190
674516
126644
193985
316915
8115600
83
6412148
5142903
15591712
2479369
371517
2170158
2544296
20384958
7714961
4576961
55181164
11070710
1591660
545592
1070809
1703018
732480
523
69
277232
7576993
42
3132329
4853838
42285
57810
1623453
70312
3759247
18724473
206
677791
31674899
19007094
1009167
6144529
2412411
7198575
1287742
35183332
240381
7890707
2903186
5719003
1088234
13141085
3866165
2603401
4258887
7252427
273897
1373733
1250771
57483747
1147736
5158883
52120661
279351
357356
19543451
67
1192019
1689321
7890174
239160
1863369
1628062
11300753
4906408
1965200
14066168
776497
3558449
1710089
7051406
29714538
3387576
36644966
15000309
46422
522014
7899850
1093776
7610520
1676411
491631
1759871
68601
1292282
18817321
7846134
1614612
5084849
1582013
243347
772721
201734
78
401212
63
232250
1742968
351833
9045672
1817845
142
31945
86414
36059606
5827171
5097485
1238138
743340
7313390
7617003
2363025
19527395
5347894
722086
48650288
810759
4594043
1426
22294392
10100610
9636784
40
11765325
26597583
33231245
1237336
56189811
1191853
964939
5334234
2957106
21397220
9258422
291164
12383058
1512958
1257539
2063602
1674222
9531
201
1516540
211335
8266381
4450416
17247675
96
5854966
1811610
1608188
22728882
151361
230
18084029
11373085
2933064
2067894
230003
161
1499189
16803524
3967038
197361
71940
2570903
363264
5557295
5947528
2351764
1661247
1691095
18812868
1690016
371
1199222
30516967
2374538
275317
7915518
1529727
410
1798314
58023
19585348
2251010
57
1920729
9416454
261
1461256
408
1580026
3928185
15451718
1671737
602
16772747
2149528
2598162
244398
1865256
679529
97
28093687
7346399
115920
1055613
4580887
732970
265638
424596
7976565
857762
104908
629026
8124462
281988
66067
41977850
6038128
11840681
1607708
912713
37500761
1882593
15142499
86437
1296018
2099260
540140
272
6519069
2881459
34508243
3044053
2096397
1595479
19
52663
11915709
38540134
132704
1384173
16230599
4343531
4534512
2022402
1263089
1657707
24566276
7171502
1817857
1150869
1040778
1164859
23610751
1679107
2169538
841689
147
1987491
17561745
1677824
41
1200735
295099
2261103
5274199
1069135
954098
22306326
1765314
110
542244
2014858
1302351
32250576
37
2157636
3069634
1088428
446536
33076582
215045
7474
113
14362560
1592665
21972577
32142379
21700412
1762326
22525919
32306755
32249269
10139183
8409090
32019411
66
87
206601
1756573
2211274
1508320
1945363
1496531
2082704
3875428
6818032
24641455
3999212
371876
66197
1737109
421
340
22474267
9086866
910404
1718764
1895069
245738
28560841
23483634
20669320
545
7613157
1785701
3629444
391
26627613
98
2295574
7290951
767588
1908005
889863
4035557
25042846
966698
6743779
23155629
208
23350032
20792068
1053155
20026633
4658696
2019312
1364953
514204
888370
18250701
8071127
22498705
6096671
64
1767
385
76
231921
3023476
293270
2123351
15936720
204401
625380
201497
144545
1293490
2156502
649575
207
702850
3740499
1342256
281
753960
2239783
2050171
879895
1250038
423
5698921
886640
16028629
8311
18336678
10720047
1671121
1217323
5257064
136
884106
1168902
1364750
5199396
11839506
8112128
15280274
1745183
964573
1867566
756935
1530779
14560276
6924073
856228
649543
13961527
1009462
4194469
49
5411315
24957
7332757
224003
62
1562227
997621
1252287
54
8840930
259
2258828
2260357
1747736
1586874
7233970
9343358
1127836
6411170
1770299
5359930
6173724
2004459
400968
2039589
7614109
2304175
1104330
177
1558987
966914
4352970
26
1549737
1882819
783284
1562130
7124278
22
926349
1774837
175
1256033
6866084
1093353
804620
632921
44
1930340
4632826
6301597
635
271
6214952
1507656
2561573
6059024
92
1813738
5749105
923580
1485324
4851024
629422
3079812
1698674
133961
43
985485
942583
1686943
1025059
1228820
4349760
1260156
1791821
2315291
1668349
1898987
826487
2261175
711
4414588
979215
2538963
3945656
1564428
1434224
1278175
197
379
1369642
4536554
3664059
2253210
1150644
16
633049
677298
2311448
369127
174840
2272005
898750
2987286
1728226
4163025
1993757
425628
4044779
2071750
699534
1999984
1251037
2334810
2063846
1993196
3815497
1967588
1523797
2142540
620381
2001123
1585950
984973
1536080
2807700
2180503
1569634
2110197
809361
2530617
241048
633047
270
2044199
172023
2049048
1661621
2024258
1285442
1628969
99
1787506
255334
1091142
3037120
107597
820833
1868606
102253
2241493
2426458
1535944
441996
1920660
2888598
2005994
1103589
399857
2240369
1463617
1623573
2765668
1916896
2618079
2717846
429987
1603009
2717389
2716342
2402447
325633
1529222
1217492
1956909
1225286
515684
1477122
2264875
1728332
2389966
2025065
1601538
50
1287180
2139466
2470954
1637740
629
19436
2116239
2396484
1616162
2083218
1409077
1663915
2347834
2182214
815294
2351356
1735126
128
1748092
2175130
1856201
1769924
1527560
1805255
2112983
2288916
146
72
1447054
2258993
936299
870078
2097394
227332
2068389
2209068
129
925983
905697
2067508
52
1710660
1923514
2141839
2147562
1978452
2046736
134
1327076
267
1144373
70351
1808684
724943
1806732
1522249
2016608
343451
1866877
73370
267300
429597
2002115
1932983
1795051
1941491
1663239
1790475
119964
617265
1136739
1497114
273
757699
222
573142
59
58
609
1609133
1761650
1748690
1737027
578796
1682385
1325109
1495568
1178740
1633861
1589771
1213036
358
868976
1031584
836763
1117586
178
873780
1381360
286700
1273604
1251058
68
628
354440
1163270
1616
251613
836539
1014346
75
4784
801072
1067445
935266
625572
71807
706029
895615
89
380423
656946
734600
20
32497
680269
679580
255
617111
114062
122
190255
105
113428
10
193812
645
1425
1541
258642
268
148428
159948
77624
111581
1607
35020
610
23
88
252
604
409
231
71
118
