22718585
5892196
7863634
5980838
8472395
31971488
25865118
62766804
28840628
10412612
37983198
68680
101598
4572734
800291
4177916
44137919
24060858
51348101
2797624
101545
47023754
32069951
58045316
11375137
51930385
12691656
4801027
495689
201991
1278730
2842201
20545457
15422527
46719945
123553
29084789
4218070
11623165
4619726
5898170
17045336
8619016
32014561
56106304
30133917
68571186
4152087
12455506
4891738
17591864
4532590
25530175
31769644
40297953
61364281
3537993
962977
63886395
55970554
42121506
37244993
55835149
44268596
53936726
44429452
44272005
44296877
45560578
44593475
42629803
46988515
18113804
47708621
33402932
5141298
4642887
8052128
2180929
