4226246
68680
101420
7002034
15055195
3693061
1887553
4578100
19013847
7517466
34265489
8124156
52611818
2269607
40297688
6122463
2225612
5075829
25584305
4891738
4729956
69367546
3527064
14788789
19803983
5146342
4615734
31339872
29694094
21870207
18247057
36137873
2300425
21665606
8466707
1872766
26914339
1514484
57572364
55994224
65058616
39639666
63425164
51304366
6744583
38343464
28366371
5020591
18793222
10820508
17479900
6344175
38400179
8597355
40908703
6327573
54297493
38326087
20077430
7956031
51677442
16822453
50742671
38345228
3496471
40760104
20238808
13355625
2479645
30474712
15178888
11513305
22032918
6929032
1656776
169852
3362499
105513
