14099370
63334436
1961006
30810739
32146845
65863888
4992336
10516692
4114252
152017
400211
3411829
52335779
9214574
8054264
18411099
678303
33547804
13884563
37919188
1902630
1435837
28704475
18106604
26448172
55487976
6257859
44227573
119572
102611
33344926
18449733
390640
2858235
68934800
7102976
14600010
23065223
5275456
35360653
35921610
15313721
39756132
4998331
39544048
10668876
15410704
30358170
2233899
2469808
48434548
56231964
62191733
5109151
50180636
15139865
17752133
34299599
8754040
43805753
30487024
14887981
24425842
3888378
23993657
4807114
49793726
61672022
36549689
16860283
39620408
15017410
249558
27704223
53638496
13299083
23877257
44154896
34605144
44101860
58902014
42886750
65349355
12169305
30717385
5633923
49064594
22012607
34578213
36334103
3148407
30172238
56181414
14839445
8563873
49666148
24345804
41785087
2859411
168071
53630835
4115901
3354840
6747692
49904598
14957160
2452954
41197875
6338830
10242822
19474132
60717901
32760318
22749284
3674032
32970874
58138321
3593336
12263446
10057250
64145421
30335915
1976636
8133749
5850353
46762155
11848628
12824038
64032679
30967722
10550426
42295755
20694247
63656662
10792878
46360286
25624195
44276861
31783063
68038274
1965428
21537662
69510974
16811597
37458334
27539806
50980775
11783687
3091574
6287268
14446940
40543068
41655623
7904060
53717183
1699606
1150423
20974052
17077260
42548806
26755387
68066958
60744671
45683948
32214776
16553455
31724333
32600102
36571472
25330047
13788877
55501918
57251847
17896770
149344
68684980
48624951
11518172
39411005
36033100
66886189
46833252
20466515
69049372
13240429
40992189
20710737
44541408
4712004
7488414
8883109
23391247
1594807
68932905
55915514
56552002
33466986
34621772
68866523
68856070
20029497
238719
27818886
52965695
56928597
23401881
35194568
53732578
65468614
39965456
20496763
41813442
19283011
45280568
59119829
18325388
39527046
39016212
233906
67688826
43438610
68449202
146385
399787
63620286
60434450
5708583
68345320
58622394
61674290
21018886
1922840
186257
61322485
14607156
31265090
63063969
41231457
49109539
17740019
12233953
25132500
29440981
35417555
5079387
40364068
5674186
14332137
41081236
28363143
60247483
61602694
66425212
53679807
55542049
9698546
11963194
18551312
716296
22845115
67765951
67761325
67730155
37179631
67661906
62870431
3728455
17638295
42652412
29349374
7081410
3227320
47867408
280283
39376507
40327295
50884050
382983
42881397
46143203
9271932
61492898
177994
55676995
21984411
21801618
11330799
813555
12399386
58309198
53965308
34085100
53638730
45277126
56793631
52966372
66462276
94215
22923820
17672206
29847578
591930
29758132
61416181
40325153
32879701
89507
32396953
55476300
27964154
65469125
24485629
12325335
65583763
36890434
56704746
10632603
65802000
5545593
15588611
39911267
4145562
9941104
4353542
65662171
36299384
44332260
19946272
65491379
58678597
56437288
60534820
52914535
39359125
60087701
16822797
3635487
17024612
44515103
64986505
12441936
19597381
64865524
64873425
63886579
20160274
53226678
47761620
1121925
22040618
64557376
7320309
19852350
45161781
58354549
35360088
56893396
43746934
62748987
44014891
33137380
53345704
37131198
14546608
38452433
16282861
24734540
63577263
24004608
17262353
63400597
52346701
24767809
19207308
43309629
7651104
36545275
32666418
48881070
62559378
15260239
43343547
56814388
62315022
37259562
52791550
62203911
61897280
50387636
61478174
59105876
13882574
55930134
14438241
59192711
61563854
3753027
37106607
35027432
43314499
37975288
28199897
37529928
17648366
20302222
45482410
38385752
19853909
59230976
32833207
12476236
18392372
25050889
25991311
31339317
19171411
41596105
59965481
59851823
16987878
59821435
45923668
45560578
46146545
26279053
49078915
46884416
36935086
39622034
49032101
435178
58940217
14858853
58865204
24100775
58517276
532433
58323796
44216265
50849455
36428457
18029710
56822900
57009095
18723680
50772139
47003363
50230633
56765472
36621632
54485493
54119289
16618293
31283996
56366397
16848748
28595513
17733984
148542
55870659
19928819
50164084
55622982
40326451
34894674
14375172
52036855
54636756
54255011
48750777
53661917
47333421
24320230
49907288
10886786
20933482
33234792
18630866
101803
53544257
21870221
35305101
29563053
53197819
13853870
29872432
32645127
4371848
52075577
52282314
32096948
5085426
34755487
2120117
40159565
37565152
51839202
44404457
44570941
25619408
50982969
161903
1724236
47715469
36150551
49352101
27134792
22306787
49017671
32916772
48745159
40290186
41581739
27970068
48352879
48348956
43837188
48024257
47557106
33351545
47589580
42264394
47486537
34842195
40520618
32531211
15291184
47099778
47001819
40321472
46318563
183337
46279421
45624430
41206448
45174724
45631704
1672419
18449461
44573073
42423764
44357576
23936686
44126862
39924415
19467107
28885090
43972241
42514995
12929165
19336374
14676339
22864901
1108096
42779451
28740555
42710182
28353216
19604991
39124828
196531
23591090
35160679
21327298
9509481
41011169
13502464
1707482
41736684
15531974
41546697
19872003
30703034
41331860
41016007
34540650
23763823
26010534
21299144
34529641
27830949
33622415
22973940
40081266
25756664
39987058
34584083
36567569
39584156
39516730
30425160
39375033
32970716
32233340
39177904
240773
38569232
148473
38101034
27531924
23551697
37700404
10915686
35627545
37210227
17182660
22233260
15193664
17677894
36096877
17922887
35937129
32599197
181509
23027769
24466223
181071
32809071
23021515
3520940
1998083
587502
31348932
31393779
30862689
31231762
31205774
31200374
17736829
14284684
16332536
29871621
9650219
17223980
323635
27412976
22654065
160935
22147940
1254452
25864030
19666867
15404253
14343283
21694353
6020820
357250
6286610
3467361
19248633
6945278
20376115
15802772
19443678
19246923
9463983
717178
16772366
14336876
17466434
17956073
17316965
16230345
16110022
15644656
1150485
13857667
10548109
13969521
290450
192698
166165
3635054
148429
259344
215872
380440
3116860
171639
3773215
352152
460259
95734
38778
4624344
2475969
2984603
397124
4360
325059
173950
1115581
261140
1281849
94293
170382
1744898
1271632
1595334
443985
1299406
472346
1039308
408703
382364
332821
255389
389882
150741
162557
315068
353752
165941
235465
182134
168147
166511
164477
158860
158821
