21527779
33829947
10034021
55552111
62326046
3642002
10842957
14167142
1257629
11086410
17661178
7686629
16124390
27912575
32800532
55265412
5124517
1597227
17222417
19489867
14021640
3393476
5607685
2739774
1176636
8792720
7992517
26463901
33598593
19006497
9475319
35520269
5607475
48978490
4585987
28666433
12199752
8640973
7578783
13188955
16121959
23206109
14893758
3621849
5213222
11102026
36901569
6122574
10558835
14516725
63926130
6098203
65476474
6183688
1982904
18336747
13278233
3516724
5572777
3956081
50988596
5271977
4465050
11409811
18425219
2710198
24695268
2131547
52520906
4027396
7003144
2743446
5606197
11118003
7799153
2751089
12703596
42239210
33059618
4974688
66467874
40820371
8641000
18559528
9933672
8640980
6075900
28032997
2745710
5615963
18300254
4398173
21210067
8439855
8586477
16051823
3088331
4920691
15540646
23170252
34655100
3871142
10278283
24327216
5332551
18427835
41333998
7669002
31268367
28634532
8645826
15844334
16054968
62757334
66164112
8641445
6024844
18229743
21298099
35041640
17188578
13166065
11060557
18284377
9374358
12273658
6979872
6248339
28707907
5611071
60157116
16289520
34262496
22079973
8166220
16961538
11061253
22231165
54257565
13268989
11616371
5355227
32177645
6464786
7992149
6993266
19954371
15254104
11502613
7578815
41115589
26712156
11124625
39458210
7868092
30294891
24397608
27828677
15331983
19791990
14448732
18721680
8641395
27538871
28291205
9994729
2739916
7903039
18422744
12006146
18424243
4171521
8641060
15435257
22995183
13226105
18425918
8630908
15033740
13556791
14074176
2745693
7992892
8647237
8643106
5610833
3044994
