4573412
198890
1286893
857690
59357
5008874
8196413
3689185
20769019
1581231
975182
2218833
5204784
2517163
1373559
9480733
59564
9173349
24368948
73824
1439934
3218380
1547058
58749063
1513923
660461
962022
113983
2130443
4012541
108924
76129
3750352
1419287
4268320
79496
2058985
1864244
959957
887706
24493629
2309246
7244636
26152374
110987
663472
12247334
25791661
65453950
27367300
65489504
1875193
992815
13072894
9305601
7016129
3210444
1110931
1119080
137735
50632
4225141
9850800
3758076
2480225
155527
758188
2479108
25642921
890121
1850787
5491274
5910106
563575
11896368
346334
9795176
21223362
112346
3174352
37502457
3145098
5552194
31645598
22872095
2329866
17039981
979743
18268967
10816239
15720164
2188444
1667296
4271067
605875
19538355
11035846
21898699
270849
1800880
4099598
7497565
5218057
5124246
1708410
2578885
110813
844800
1070204
1232790
1137760
283186
111124
