2370194
8990862
45583454
3591196
33877290
112637
373692
48481
287127
2052263
2546984
5161651
8414461
121105
251736
13227463
20824743
9774851
18091486
103226
10839731
20993535
36430722
3696142
10439120
25098455
287013
2493934
10653264
14933929
758249
2631765
4644809
287048
701856
301877
6297778
266808
332026
113691
304827
286960
4000719
254964
22521496
23997321
207796
8664003
17038989
7617555
13089803
11113996
11618723
2450615
22659616
8141692
594271
924553
18011467
304713
8128072
18359361
12275624
120938
85156
287541
7350262
285816
554493
4769968
298516
3630247
2975901
132508
64823
150747
2291156
287381
722726
120818
442897
294098
