12766897
820612
622287
7897213
16314297
39860911
31468033
44137919
223479
7524614
50899577
2644090
687549
42669906
19669076
1137300
6559536
2772192
37152492
47930612
22178203
7414685
18811415
62729269
49608887
10041309
481947
18711982
288986
48216
8336313
30229063
13571809
3685030
3022768
39560643
11081570
660586
54108105
22289717
35116030
59724040
52104099
113722
37084535
32923306
607667
52574601
1537932
2123959
368694
4801230
13807320
93344
43510690
3238404
2644264
45711348
10095190
9912769
19523793
3613070
137735
62632283
541668
16191651
45312155
5614695
660741
575081
7873521
369389
1889818
54134135
4936999
61322998
5163726
18995070
19372466
56316769
3934908
51403366
9647900
32241221
17484947
62433839
79887
24788641
42774234
1689321
783687
11409657
23876684
6007210
12380518
15918576
1838597
3599302
38669232
156150
38327478
24438030
53286613
151361
130373
12055175
32560579
38317
26423977
300733
8731362
246933
76889
11383031
33423280
6963009
13162876
879
17522596
1762326
20094902
323635
4601196
1013499
22282702
3811195
784000
12948356
756935
649543
13483235
1012388
4238734
10195868
631336
340931
425814
751280
212373
38778
1495058
907781
830191
235610
103759
172023
703793
325633
1266310
1743251
267300
739299
1002759
589377
1052872
872106
113819
