44732717
65287628
3673987
7156362
26081992
49893124
8803233
47520259
6491979
7154418
54656915
22848422
44125660
25971785
52115322
27216195
8849509
10479935
44617404
10428438
6257859
31131432
19605982
19329444
35342421
23381142
9740056
12076193
47198430
6188329
56415353
37434698
7994361
12691656
68413399
15477771
15139865
24493289
34691749
50350430
38764155
33737465
36511432
3217215
10580625
32693238
53639731
62245412
32018609
8331783
1427243
24027706
40656322
2068331
2574284
79630
10091919
6199271
15242296
32069991
20330621
34538688
31923990
43670174
23389046
32361444
56583110
10633920
4465582
5483721
5837664
27874245
37801127
2174497
5969166
16145217
68571186
624463
27310486
12900950
19429648
61597135
36011329
47547260
18915607
5309822
25513478
14058695
52694106
65489504
826947
284242
18938286
41126299
53658519
50502282
27862013
57496443
6718477
27565224
32930447
2597509
40299417
55087779
17659210
67302158
38560959
58378504
50129001
2537057
55131716
67013941
31365995
7040410
36378714
62344357
65377812
29120815
7673613
15999879
17067966
40718587
29111609
44311912
243363
6606765
5945221
24724974
51372546
40064581
44268596
3906169
5066550
38010941
18815374
61187205
19371855
30857289
45560578
15942124
56105647
4745495
57561553
46163185
13273671
37049595
22886094
25153898
52612342
40086176
51255155
44323434
13106326
33118005
17345025
37730887
15811012
28210022
16465170
28026980
27548738
14630688
5141298
23262329
2117461
7695664
12161529
9613315
20378924
7695647
8880202
13140663
8122546
7695689
