23734923
48747107
18086602
68501456
1072741
28655416
1415942
314485
440935
699633
68647094
3614493
10181227
19022061
22792650
340416
1440600
35110140
10354177
5609111
22305920
28025689
47076914
31420596
15770321
5574645
51292624
69227529
11685964
36239159
7137211
38166920
7962014
6002305
9486499
56394163
2322488
3086710
561614
62649616
21170128
16024091
26631681
9676515
36656779
14102566
9735196
1083
15083661
20548818
17560632
20511130
51699000
283289
12347833
2131329
8433474
563691
48076261
62565620
8573451
11663027
10156380
45923668
35227642
37295196
725115
39668948
34612475
220434
44012579
31494612
47511914
3979525
19241081
1211139
18846659
30020629
37522715
8908935
384994
276383
30095696
20869847
9525537
8722856
1075
22669048
4859864
20259757
698014
9961816
8464769
238308
438343
427401
757699
