38493138
3550050
4522723
754268
59357
36307986
1184292
1849500
5858778
149100
4879201
3967300
1123027
4623100
4082629
4478969
34132356
3454514
2193881
4459767
7228533
2389207
10081771
635443
34520197
35912111
3669139
7563519
5163755
8957953
30227160
1152675
5222946
2120755
5851386
7031995
5003851
6368978
4889236
3146608
2730540
7410825
1352806
2845683
2268339
2845579
3316367
2121880
3288963
43096343
27399694
11583356
2611138
1123165
3312522
4377685
3832374
2428829
17099085
18788756
4076525
20663541
5140062
3789445
1934031
2409316
12119192
1886825
7588868
2120227
1462977
2104235
3040293
17518996
1752887
5981684
2719131
3084772
3170403
3963295
2169969
2208935
8642688
50906547
5214317
1299926
2294608
2074673
3648579
1833984
3060541
4090420
7076026
50846298
2695359
2684163
4133245
4855824
2847045
2916564
10355407
4132825
2485335
2113175
4049662
4578666
4890516
5823489
2083670
2462054
7893492
3989689
8744128
4213334
2779259
10219633
3737138
4336273
1040539
5146351
4895003
6506246
7724129
4639467
3965702
14094193
2002805
6989390
3140240
36189142
2123779
785574
2302153
5813567
165100
61522076
7583026
2761815
722086
3151471
3398068
2121010
43841744
2076121
3064191
15824497
7320477
2835303
2298692
932013
4218548
5331822
4534074
5116003
2460861
2749478
