725135
15239943
953411
6188329
4389435
18950
966063
11018502
9893530
7279983
481947
3943590
800178
6367786
823562
7249412
3231945
2025024
3150735
11191854
10449393
729810
356910
2528698
9527866
234173
11447783
1092580
4453932
13334119
14738815
643949
4740370
16918341
7609030
278551
10268829
8607266
9088208
2528641
16644400
7867977
829122
11180788
1041536
14900734
18937344
2261718
1995511
16949461
4643724
2015896
2676427
3506723
10149304
15562774
2482367
16954447
8477722
8207181
11203412
16962452
8160532
12291316
1659715
9772356
932056
1737115
4272957
1433816
2257104
365565
