5879826
9977024
56012678
41689694
174938
5336872
8151160
12243004
40278352
46467233
51507387
6466178
15009142
956393
6506775
2135495
2731786
11039214
9823518
3904435
13237999
256190
7714845
9839344
41781465
62573891
634817
44774852
7104650
52724971
722285
19370152
6142061
65689984
2735940
14950080
40459866
67478852
608645
7933485
379507
52781289
11650420
4655265
12754709
56610831
33306902
10649725
3154639
1185830
32808576
37746900
62451706
4135018
16959467
33875932
2172254
12183398
13256896
321391
1784918
4249764
34430685
3032461
9243943
8264396
2460050
19991042
27546469
18499821
11650253
402139
38211851
10344259
14254482
948873
11428679
843660
7711304
5912847
29349231
34630106
10335605
12247134
34709245
1265820
12899114
869872
8769518
21855036
21130681
98445
16826998
8864924
1827038
1570059
118770
128358
