1516073
15273212
8933244
6753938
3725822
15432163
15234087
8180774
2657358
1255470
4733628
28974819
34698659
1341648
9721863
7256757
3188476
13103528
25528890
309818
7188914
5482920
5451632
4418048
666242
32658387
16995154
7314984
7954281
28146201
2464488
2045333
226769
4940203
7504408
5166729
4528582
2384274
4748843
2504245
4952557
10158327
5299132
5090505
1278248
8866276
3181817
5026841
1366008
2747546
59030241
7223791
5522126
6498525
1143268
13385702
12763690
5766440
2304073
2606757
34354125
5872712
11862690
1437744
3063942
11685652
3583291
1436548
3140075
5100738
9127463
359659
5834647
7304822
3574174
28977933
5705696
23992879
8745573
21318471
14750475
6063515
4666367
22658428
6704863
1018853
28624732
2216677
6644626
23163658
6034339
5548373
5089509
3989689
17731643
17650002
993934
9714052
13782905
17723775
18841627
62520866
5612281
5807144
5021418
51583986
58378504
38189401
61726182
1837503
66851169
28108460
10655315
13953860
54013750
6052488
681343
27746360
6175512
5555
5442071
51141500
26492706
38351260
23748916
63520212
22073991
8460866
3573777
11850793
29846968
22609751
28952336
115589
23474944
5613145
7549708
4585364
5552109
7445634
57951003
16077056
16734587
28206737
11082442
11087819
28614045
27632703
5745729
5515413
6913255
7548813
5299311
47298030
4138848
27625997
20823996
29534736
5642304
8036823
3329336
15630204
6786690
36761608
28973983
5796180
5363676
26897715
17864218
37913512
12405473
37845827
15734278
18629535
6902755
9611992
29667064
27217861
27046389
26932854
5141298
13567388
2117461
20607134
7609538
61792
7485312
21944172
19007822
6941752
7607411
18057082
17680039
5187772
5590820
5747280
13636390
5982438
1710347
5761595
10497046
7658553
9488704
7488617
7445006
