12495880
69912641
264477
130841
17521154
7620401
2551027
3012992
19342787
1819775
53380719
23803273
516022
56684264
7335481
14220432
10954789
6894201
8148070
4463291
15892313
56589909
1805253
67425428
684176
224929
24669208
88067
6159133
12855761
19420768
82427
6079835
7499989
1811535
2386513
4818154
4225632
266606
6498345
5835917
29546100
15336547
2240551
22102314
2352059
30390162
82008
807887
2905044
32317298
28146313
7048429
239898
8671923
65639784
5525061
1289566
9615779
2216551
9965361
19886954
13046661
7951628
5769613
10885920
53284203
10985363
20951028
120063
20668351
2108316
10987372
13145538
6701205
37214293
4728948
17332140
2930483
59450019
7650493
9280002
9468763
1859371
827707
15423022
1360815
20960134
14006833
6313471
15682942
2024573
61163859
22859503
9167047
2175898
735258
4788671
24603636
161724
16622972
56769093
2998669
18904642
326847
13247658
35386959
10781792
8234715
6927704
15167326
25643816
28193437
17569357
57712271
49048763
6516201
22125229
21729318
7329740
26067993
51422047
11831404
37467605
8797831
20152127
16087315
49543119
13439809
10090650
5755695
5778848
16449353
20672056
19903048
357114
1268525
4256446
4406298
1918934
5115516
32703767
33766712
26581091
1340353
5319562
9776002
22933113
125249
12148814
24411387
27664091
5686255
24597314
16503462
11040681
5752204
698848
10698600
1316919
9825314
10948947
15275053
14852294
9456093
7623969
7620509
4939023
1069442
1129458
598157
