4314582
1882027
5004831
2563825
844731
7917650
6958514
359662
23952659
9162059
296963
2756536
6261884
8806699
3490134
7954281
699633
8092866
651937
137874
1034996
1112344
5823209
4391209
74515
5211605
6924436
54071368
30155091
57950398
86441
2821856
1293044
42008699
234116
15976751
46981124
8473754
48739947
1238293
28042733
764099
33066099
27127236
1125343
51286215
2458369
67585268
89013
20171364
3414415
12320972
3799400
27214887
78204
1316293
48761679
4028799
52214319
67586585
9373727
56421976
10262782
58924408
943015
17170261
12358859
39915522
39194493
4045179
12683254
59407199
49895827
173578
21945402
7200047
33877406
45994390
5115322
6102616
17363815
10451531
32600221
12324258
22150396
983293
765562
