17533257
7053831
1203133
67666796
161600
106967
28786404
173153
2554767
2529319
856017
30843
862084
9799106
2890745
1375324
32294760
106940
329875
42555706
29166245
34158882
7545770
139922
900424
19123049
23456758
52451
5176710
5515234
6478134
4278098
48637150
9671261
6205391
3431791
39200847
29418380
4003117
50071302
8334181
23800
4896918
859300
69694245
382464
20993121
40350688
5952981
8871719
39722725
108303
51660632
4973395
31850068
24819588
8982385
50220001
8778193
5913613
74932
5930988
8724819
35688
9224299
61080127
125049
62603731
59548105
9980836
9064045
5992853
10766163
11055171
3212843
13276467
45524685
2946466
125322
45442199
68990893
222814
3245932
5469655
32355
49462423
1000435
716947
27630053
7095020
10092409
124859
34043065
850538
10446251
27984543
3879136
11343897
66775275
880062
9707352
3316069
8987001
38893256
15906955
18347814
2391971
49079551
50307734
37280958
53027402
369389
53942775
4412438
195225
62521291
1969317
17846502
4855618
107030
40087843
3083613
5751078
217000
193227
19536994
66121540
55894098
2582923
1864158
108640
856172
1217102
36329895
21533836
32658
43816515
27481058
13558977
6754681
2364112
878120
8595791
5261444
796740
107378
11155660
14418828
10204555
56921048
135015
42096857
7874581
18279874
18278633
12908826
22158984
4061846
840613
7090519
107059
63553068
10603062
202156
6107945
15704006
62541416
11338045
1394513
7667261
1877960
2335111
193744
1879067
2216893
1269073
719932
123799
27523652
21488768
1180098
145530
26199796
4419800
107724
41475007
2044343
58964403
27101644
2322457
28385313
9380585
52667730
123260
17956542
37340350
19833100
2677497
33908057
12014105
15193753
7834943
11958845
9510057
52925164
34083716
12662859
9755059
27955832
595663
8763663
50872319
3882854
4584445
30974617
154498
19412606
122940
25659720
21003829
2844578
8574841
8244474
39204364
15529702
6126254
4054396
148903
16840945
37899309
35237468
34517855
650301
600015
126567
31923319
2430169
2210560
3463677
26291286
514764
9155174
4940040
11995240
22151258
5871801
12852964
2047229
17506122
9825256
16822713
13682832
1309572
12342672
1315295
7669132
6955082
3061340
5382995
4940273
4934654
125630
3834680
3625799
1422080
2432441
1482288
1160410
2430678
123813
145655
124611
125097
923808
275442
