6996517
2941411
15001209
13389111
197181
127027
13652795
27707869
32399001
4803814
9775993
12706829
126596
62291752
51267241
58887156
126445
238808
752283
47357032
20345659
18253493
14430771
19749101
36915826
147678
38343740
42906546
67442999
18339516
10264602
64437972
18527780
8641933
50236904
9439956
21529503
63464060
2243899
37259366
13506811
14998599
33734696
21945384
18665647
28450460
4531187
47991470
15453045
12597082
15256026
49442795
44822300
151361
14876271
869870
21986217
1042891
405403
24334171
18670269
126528
17162446
2229662
21994463
18110574
127213
4811470
132986
77306
2191472
2075891
1923514
947453
2018897
155393
252096
1321603
658193
253182
126547
