9114668
21926328
4706652
105160
20202175
5556618
36014156
1005498
38619161
1275906
105482
4691355
9056883
12427498
3912669
5274782
22182316
3011048
14320658
6342437
5211795
3081831
9326907
6321375
4828036
102502
2153053
34223537
15984502
80516
5743889
3997604
23994499
9083132
2386495
2962393
1883424
9089789
5547720
20971025
3239755
11278291
4204290
29483436
60123334
8420778
5751131
5201997
1757879
1955405
41309466
2146279
15058590
7195267
12187953
202982
12026741
5889068
6171310
4775998
4903098
80569
17209440
2475084
1423915
9084253
43979485
34819144
9103771
10537482
1611134
8390483
13955537
103701
104069
1212603
9081795
9776002
19576021
302001
102323
2902507
104215
2156249
5369071
2153301
1111211
1843354
1891343
2621357
82559
1907749
2161259
1478570
2153975
2152790
2152912
1574397
