2446707
2291555
135137
1182257
40455678
3287502
1185229
3253612
3010709
2638000
3058632
179411
5974943
1432019
20159096
2805233
2480973
17609181
10641514
2254147
3725802
2415880
50383450
2494638
11933906
2259604
851831
3048740
11796280
4216170
12618350
22145117
678852
3235219
1456057
4854258
4454270
2469895
5289844
624463
3235565
1995801
624948
4968426
3352872
2877622
4812573
1503172
2246587
1184722
2499775
5536548
43089770
2896588
4310944
12687597
4084934
5329612
35008143
1361816
6313927
4734290
4234060
2925471
39919628
103093
3061927
18873091
2875710
20785483
7847474
10354152
16591058
20761497
704034
3323768
9750567
2634753
2807306
4752086
5038927
1855421
8434975
25853023
2628308
26116544
5086552
704058
943127
11461128
4014568
1989716
5038152
31444360
19558414
71236
2597577
4945746
1093665
7346974
21375776
7274664
9316634
3503607
27251615
3469833
12701347
2449437
5018537
44383268
2588440
3375015
45923668
6169808
44663665
44575573
44430144
21580305
3250284
6005627
2169910
2478954
3354132
1185616
27260423
2895066
21086516
12215867
1391849
1195656
21164820
2924311
2036187
5420716
551663
34418820
10881490
17367597
2973877
2722142
5292620
23960716
29995333
220949
20771960
14824329
2229204
1687013
2577603
5141298
17020272
9202119
9548122
9721147
3164595
1345148
3478075
4981899
4603100
1899041
1185080
1082590
442170
841487
1860643
2055253
2733831
3411458
1995556
1867166
3097284
2782754
2577572
888574
1265989
1568035
1169726
