2382342
1324403
656888
1125607
18012100
28445
44013893
7238938
29037
9766357
1163026
32293098
44459390
5289197
28522319
132869
9722483
68240446
22336604
4651791
8949030
26238284
7460202
20208631
5024033
5994131
29424391
31883845
25688231
44342528
56478286
9774255
630741
2576510
27069759
37222330
9767970
136398
50528815
44429452
44296877
52883612
45527390
38688572
44094323
9962184
53934492
9766923
49135557
1666103
9770042
44486121
44337282
599332
38728680
34898224
32994057
8816717
137048
9765644
4466771
132825
5141298
9793303
1970352
8114857
2965405
12927768
9853462
9765595
4066312
2604220
890514
135770
134327
847613
842255
168232
843337
847806
842270
132911
136661
