19326369
31993684
1459195
9586242
15891427
1160610
4904476
34041345
12810597
59018747
121939
735908
16134630
15457033
6317795
2515183
1128270
69175737
38543359
15325098
10124711
32782306
4385536
5833792
7316751
3949724
1465845
5148311
12719951
21097906
41063308
2220664
13689105
66589342
11392597
1453654
27111741
5881413
9318435
1391782
47295479
1247372
7732822
31335130
18022138
43214668
58068936
48500549
744277
20548604
1193416
1978249
31888094
41570756
51775098
1519657
49460996
16518803
12680315
16941957
25283633
1479063
12713863
1494092
3910832
16293069
3308442
21310085
2104655
733379
16079752
12765421
5396438
1453671
4538187
4540227
1676033
1454674
