21620401
59057708
13251555
3693383
1297134
38801304
6025600
15820787
19477684
5017100
29810357
69885418
813955
14629473
18706540
5841319
29593704
8442255
1224528
1265366
4746986
54876413
7017291
8476464
10172218
54462683
26628713
56319894
56028745
7071547
14216207
247982
10242956
9312777
34623501
3083123
150706
7429633
3193726
22908739
11932219
63225954
37966212
8451533
16777050
930171
45676417
7513622
1931159
27269155
18637163
2387581
15175547
258735
18106223
11939157
24389581
11560806
7296472
9118079
16026189
11660895
50492892
55890904
6941612
9658984
222383
10909224
67110966
62599806
7857125
10514954
43924058
10332038
27378941
20221475
3440471
2494874
30861287
16448370
9038003
63672037
7208335
20068511
9389693
4535503
7662051
13014419
2071043
31592058
13151592
3737704
10873510
40215739
57040453
7897549
2147101
453459
1337177
22808089
6860731
2516599
146506
64649
20357813
22255808
147127
57018933
13610714
56839235
7146952
2045342
11417238
48790016
1066180
3231367
38279996
1707874
1948028
41366391
1380956
25527684
11855551
3373599
42291974
9624440
29988407
2059914
16868212
2627985
13654537
353747
17269025
10348804
12926296
13040490
18603108
30447893
17110857
11597763
20407324
16888322
25969479
17517285
9445550
9780403
1343718
4770819
2060307
2494667
13075399
12075678
8492093
7440559
2685679
1162078
3284900
693070
458688
145466
1280906
2055009
146554
150724
1853026
1592570
1504354
1670982
184907
129925
604891
