37827256
1245888
16566799
2334063
50697083
57985189
4453442
318800
7889643
931155
8039124
3916427
1662495
1508890
177802
21464987
1949053
23018093
11414148
387950
24732108
34770645
1149719
29610323
6057237
59808723
2409214
5582759
9788563
810197
59151362
60360148
9506141
24036409
25509930
2575035
59051588
6385042
11694523
2273545
66951285
41464051
11782221
1798332
9806871
4765013
57014337
1011242
56077883
22917342
13986395
19259244
1536368
13025762
17982036
36454300
14553127
44709087
63482897
59597492
21761874
62828934
42747110
4417647
1403067
44429452
6941858
34077765
34315793
22231991
1938321
15676599
6083621
21852244
13728172
37131635
35292644
1073985
22642204
39863225
16970813
23815871
5310782
2624847
11037201
1107901
1411274
1520150
30372560
2582797
13963225
17569252
29471517
1132836
2576329
10887130
33571771
10566725
33429085
306429
7585333
1508141
9061765
12455418
8237345
9083909
3235714
818833
8856504
18055262
25242500
3924303
26763886
5141298
12378914
13986962
24405384
2659462
8340857
22042206
6061723
3499416
8621355
1653588
10886969
7459775
3553984
2894804
10771761
9956461
1936985
3800240
1846163
3401371
3189903
1960143
2577519
2501784
2303048
1388522
