12655250
58972344
52659709
19907346
3468061
40787860
4669236
30865448
29513063
51028198
3031109
611241
1425173
4652044
26684861
276256
30629886
69287614
10463408
10420373
15935164
19691422
68032089
15967975
47466236
43600327
34219046
12558777
9886836
6193441
28920908
5213945
159345
17453361
7014208
26063616
1821910
4886245
65035252
16218476
27685182
25533382
53510080
41375030
46367963
259979
846868
48513949
9548140
2660804
13337362
6459523
19850460
9576065
24343458
14910961
243756
27527401
3938308
1965844
1526285
10929670
19532418
202888
54232
3987262
3655125
3720072
109048
158156
2401258
39365
1561814
