9158540
10406682
4735338
24198766
3705772
8585237
64629
43922568
31245203
9636192
2771097
1778530
67550641
58160846
68387495
4932518
47278
7007113
7501745
2758143
20699340
13703675
18362376
18768658
16917258
16573210
12486161
56717
47283
17434234
10193488
64241094
13660170
56805916
18928647
9447729
12275540
53889251
10127514
34110533
57693847
41947606
51281221
10472544
10522097
1903540
4914538
46475775
14619402
24050240
15619904
17611515
1234853
15502774
12445507
11568105
23029961
12777638
18943832
15318603
1345504
9551447
