4045118
39819042
5902584
17569674
52380940
1784020
35878016
11309130
10981432
16772148
48611022
46161424
10413932
1544518
54229879
62626527
10771831
3670222
40489702
17567292
16090678
11241026
68311958
939624
29865668
1016856
29221758
36139394
26513661
277169
55987152
32407388
30159835
61630857
360759
42932168
60005633
558365
61488546
4264737
1096061
33592755
12044468
10353679
112295
7628918
313332
15779532
11442975
47182126
9301509
27522285
7762272
41780409
4295567
25253820
368111
36717139
13381819
27720504
111830
2839590
866460
27327686
159945
990697
17164871
11219899
276650
10120116
9380733
158348
4779255
1759815
160047
491009
633216
160287
