68756753
68413785
659989
25303717
12158618
339299
1201419
8083422
1358040
1635066
1777558
5121915
24244770
255209
6118566
5021701
7361264
4267453
21524696
5015236
2766672
27169117
20484699
2353250
34878125
7381142
17488366
6372172
7103485
26124586
17890595
4002184
14992804
41389632
8126421
7484328
10440572
21898288
915840
23069591
14725910
2517379
4651467
2376648
37970258
12632039
4750952
1329400
25821440
3339878
2946714
9096933
17584813
24892225
6186375
5217758
1362629
16124248
58932701
7192223
15914533
1953106
3792863
1016719
12109160
8577266
64159481
55487200
2795850
3225443
55344505
6872323
6996561
2980062
66788274
8121683
9828127
7349327
2352565
1401215
1140751
5976075
4213805
25883480
6517483
7535110
28669449
9288361
5723353
6266855
64480768
50965516
2243786
16952025
33313786
397041
28669586
1920516
2658398
19660049
16955165
2922045
41563
10858729
4417887
3107423
716125
9364247
279072
1328393
12344463
68244007
19517823
10757864
11903002
62172484
6376973
7449851
127115
832399
8433571
9687566
7722355
2497531
1178966
67982014
19336855
51751731
63873426
27206825
7252558
15590284
8070677
41222438
4661177
2067295
53258048
67251327
11818462
3883965
14974446
2408127
1303070
2101052
25976692
7106941
66788236
21145280
10389306
10303012
20087602
277979
16557473
27185691
16471579
5157264
61113587
35436621
614109
3354689
7540980
4367400
16892670
30810574
154477
11601963
20446093
10597931
29738932
15532101
9687598
8898157
3098859
39387232
9713242
880777
7366767
3901793
2208499
23275530
8596546
62126263
49379021
14218014
15027470
8370193
51447526
9477641
2318570
22437220
7876748
21036467
59223262
13082168
37119985
50020861
14511116
30247641
676324
48632808
25969546
8592459
18160423
10789823
21656819
27726763
45923668
45924582
33568018
11109109
244230
6991951
3237800
23475351
909827
3716605
8212190
10358276
8006832
1524190
56572236
2160479
16903889
1409199
7514283
54837423
22671744
10643228
20750985
4616613
25841716
24437286
12823166
18060297
11975511
22291101
51681919
23798411
12267130
2941233
2738266
15080481
30298597
1271201
10790442
925132
18299747
12141278
3236051
2884998
17910527
31375381
16954929
10580816
1514196
16472070
9990216
23455123
8906772
1245797
19326758
8067231
2930101
28882781
12800011
10924956
9046474
35432490
8198740
689509
3510053
32833619
5144415
4153317
27711144
23314025
10303932
15030212
11933353
1763019
6758034
8199732
1835307
9682823
3049459
14969655
922181
24008155
23930393
4524625
1808281
21040753
14968672
11042715
14099114
19007289
18615459
365217
2696365
2625702
10986218
5809997
11829269
1821347
10086812
6767914
6540363
8723332
3789482
7707590
1398791
147892
5297013
4974551
3558054
3989107
923689
3614285
3280473
2287322
1325673
2134232
1821807
2068316
1979306
921900
279404
599769
