42691619
31596503
11807058
554088
44428911
3195747
100232
50991134
161446
15395935
767685
22760289
39492207
2965407
46087663
161334
7375982
54601438
8700640
61826266
12236704
8587830
13741999
28255320
1412434
42944879
68417012
2220602
63185695
16272330
5859783
23213529
11163115
15479481
37569520
6062708
22447334
2160412
814747
41066166
21403934
159253
9934893
14240504
10781868
42767384
55108159
12065928
316890
25961482
41648067
762517
1479520
13091017
6136739
32515969
48201136
18698259
17316523
25585457
7209106
27343393
10935160
37739633
1301240
159305
769078
9349070
1069656
9931323
722283
764982
4866874
11077133
170874
5491804
25732357
570707
18207117
22290912
22669369
22544172
767495
19453270
160395
4122729
161021
1077178
762656
174248
775651
163886
734680
762310
