4314582
26852
1708848
6082517
18280931
1379514
5749945
22371819
3108900
115473
16316375
16839758
2428663
2080510
237469
3745987
94602
343944
2060997
7264737
6944981
2050107
42315986
2887847
1145657
3341153
38788275
16824406
56035852
1637919
1036893
64439
63647444
4674014
135573
9569820
8307014
34286188
3809685
565673
1213453
11345492
10245407
11591769
5165889
1195532
33450158
6394569
5359156
57975486
49105612
3535470
1377744
3529212
4740277
7334863
2840842
53635269
30915505
3774580
1668488
2116632
5133244
1204629
10603978
1430746
1432036
9029254
291243
34242951
22104263
8276889
2405374
5
1695996
3948872
83476
1425694
22902462
990904
1971563
161941
3285729
11314389
5425744
890233
95502
7839858
4874641
37705608
20608880
23305331
67051870
1595511
2350599
16469524
28380485
46402813
7874907
11588791
43314349
23485588
2463273
1639555
5815685
3680477
5032178
3394528
4741141
29419114
3349994
24340483
12275515
758249
12031604
25230231
47120878
2349819
19803523
1662504
1513689
546969
31195241
5368633
1567726
7081380
19289960
33977424
15131386
1630617
81208
7016710
21411117
21742488
6178063
7414201
4938344
3819871
1819987
634095
14092841
1743826
4435615
760607
