558700
8736553
183865
4147028
59438391
1663078
10523785
5258858
6770790
6257859
41214746
20006101
346399
1916127
43415290
4046467
4863541
69910034
29112765
12706236
4580165
15355394
4572484
5056997
4456424
9098415
4339851
29764744
793591
60163335
28768803
3176189
61521053
33117505
38613260
11657225
67242772
14800040
1418478
65352596
9315699
5368582
24891070
68039563
5555440
15226828
561250
4772841
68955563
3466825
33995699
1648317
7951749
11242706
28336085
41462857
496363
17094964
16128984
6009284
5528459
16088568
8563187
46802844
4455297
44038519
199165
17333059
20716894
20744135
17443295
8641747
46304059
28968011
45923668
21283732
34654388
9787985
41530909
46256315
2017860
12429125
31122547
5160885
1706063
1194078
