8233687
43244109
18978218
42058408
45539830
6542967
20948595
2711901
69886283
2045333
66848997
32990204
5715343
52394926
14733965
291083
6996877
18720487
7631697
13661829
55091127
123293
49885794
63479526
13407576
1089223
2785027
17436613
42624578
2629860
2205161
49855370
5455215
168525
235411
4021478
7557373
10700232
2578565
50702133
64120202
18270777
11141199
63621055
30881416
17265417
677791
8740820
55992968
103937
45923668
52551918
44575573
58600467
9694213
3922622
11460280
5314491
6918017
55846554
17263662
14742037
13785084
42631911
15521065
9456600
41253687
4607522
40465201
2781654
38513539
2617028
3152662
13677274
28675700
5141298
8963935
2117461
17779172
22553340
16568413
2662840
8835908
9638045
9321577
8442723
2689649
2732656
3219400
2666335
2303668
2210874
187204
187245
177106
173387
