3809685
1487366
3910101
2499261
32318315
4082629
34468444
69789391
45473732
45220423
5660252
277010
52087801
15828385
37259243
3200930
3509119
19015227
7953889
8239507
14133022
23285816
17367387
7393802
6354247
33897622
18224897
571030
30275140
156658
8335914
336803
36041820
69381713
17821984
398468
33491267
8274356
1283938
64226065
31270631
15039414
22882757
9916470
18784014
26076612
158456
7115280
165346
16988384
60802334
16409915
27052672
47893424
10018587
55920197
16448328
17451886
13128846
9859438
13915346
2089918
22460492
9637567
54340594
62843452
45967745
9556906
33605503
13449816
28728385
25357257
60442291
10475837
12160129
29425519
1953700
10049505
34425848
163619
195524
22424515
10477093
1630617
32501919
331657
20620725
6414389
8435760
2755349
9567115
49275949
28661401
37624192
298091
17379302
94170
166839
20946190
20255122
32319601
1442253
21871711
9679691
2039747
22458593
11405403
18718152
9580779
29824167
9689413
7266776
22877182
22764689
19950044
15994008
242202
1096537
6632173
3669405
93369
165534
431626
165406
166629
201474
1761978
163708
164653
163652
