178074
175635
1205220
1019174
3113508
10535748
995064
2348494
6237864
186853
252732
5549775
60690146
12878076
5043495
84023
23003918
181878
59071431
662039
28413708
4082629
13946677
2250020
4252261
25922967
179668
45491814
1892475
1257629
1924495
106751
34701639
53674
17661178
1078568
246177
1502883
43148128
27201308
19000585
899665
41439976
24301959
5235304
151273
2990467
5189565
2647398
54704692
59304555
18494756
4671840
2763302
8024272
173314
1340788
6024878
27249295
18257704
15738127
1433865
1127480
15996312
1384084
6431467
3294879
262254
47868173
1415866
15298473
19875814
14473843
5003369
23405214
5593586
52631
758916
2309246
2747461
347100
1123577
1881984
424175
179446
4695
5141707
1078118
1385518
4465050
3991390
136190
264033
1235510
1875193
157313
1837751
1113365
3986859
32403392
21893144
6742465
7364814
2524393
25297546
9752160
172916
47216406
118498
16411043
2224243
9793143
1360481
5529743
269927
17150331
137273
358343
194396
68560742
7849412
195166
855904
32019043
45951426
1237471
5568638
1167551
5762647
2784488
1478651
3220113
402939
8047471
3198522
1844498
1508593
178484
2297412
2599687
15703219
256661
8713854
1511957
25230231
175199
7274825
50877613
58742782
6947257
717657
61111308
21848153
59750298
2611062
17559945
2465351
797751
4442217
321867
3646808
1982312
171995
20930152
173638
29238570
1508584
4257677
8652041
5510787
14825809
17207717
17302405
14827345
249581
1517592
21840469
4316511
811669
5606062
1838486
9673204
656027
1370983
12908032
175458
11009976
1360087
6956903
193685
4704493
2737856
572073
180472
1507948
1360193
1450722
194400
1045747
