820612
14629693
4870445
917704
9472704
1029924
4884257
721595
15055195
1234195
13079659
766737
1721731
5532446
177370
2494638
375690
4674234
250195
1131995
276988
4654387
992920
176198
8821049
178539
176088
178134
19678485
541517
6144080
4091267
59224144
1310564
21706526
757165
1110412
6371380
180795
1297957
5495206
1395778
15798036
424062
828328
55967568
18782580
236944
336511
984710
1220585
193215
997530
4399315
980889
3924303
15901069
6689824
12428100
649543
12025002
731318
343451
407959
1759873
303178
1146054
1146057
356572
452227
164711
