735954
5216946
2744714
13670140
791857
1590207
32440875
74350
8979399
1384692
2164133
5508021
7676522
8439896
3587496
15354580
29733573
12249906
1191153
11720475
24496354
3646317
2135342
62201049
20205612
10278043
48541630
3729019
22532445
2508283
68297548
65717231
68187422
9354401
2654388
20537337
34251585
29019840
3533260
48090763
5181142
62726381
8507473
10182389
9399951
2542870
56916478
5361994
13235768
1631255
2592650
40366869
1558145
1936700
1657112
30928643
13696240
45924582
44690583
44575573
15961544
20249669
1849740
13018416
12692860
53230535
11839170
1420736
33448351
8068592
35024827
12812862
11103887
1746133
43077782
21406865
21711596
28916860
1532913
852342
18984754
13670181
7324248
3687131
1624419
