9329323
2481560
28426866
5085956
3075214
5841519
6163129
4587507
4675197
4579103
18384933
1289482
7094406
12837525
17661178
17878332
5319312
20772592
37827766
5585260
32002534
5965233
4628859
45566500
11300838
12879170
26694613
38213505
40777901
5992077
5432056
6509877
11889624
5930724
4476783
5317681
5281904
673368
5324572
6801105
7110178
3423072
9210933
13144387
12847645
16598582
7480537
11603587
5115663
59918871
4536004
2893456
3620424
4596834
14147234
5022972
9905034
15807761
17939112
7614975
5422989
4778457
10347456
11559104
3622014
21717744
3176811
4431116
7649921
5844520
17094671
9191724
5699948
6231209
8263423
5765602
15401116
5262785
5289779
2275270
5177615
3593496
2391404
5857382
9983909
6901982
16495777
7975503
9718026
6416694
3815994
3561950
16278468
5837955
3546187
5636194
5978240
14786841
5716249
19982555
7091240
5344221
6299228
12026504
4401637
5315639
3801312
20071004
4814471
5699718
22978153
12226253
3296217
31750522
14895104
67269803
11928080
18034744
295444
4551428
22683806
5372117
6830950
7992492
535338
7486355
27771882
63864054
10277260
5629936
16504211
4536612
9418266
9830145
5621182
33771366
44758896
13906741
1298107
6210670
17511408
29091854
33174229
4986502
5752207
4741498
32996187
5712223
3650946
1456302
21388662
4216842
5217453
16468853
41202503
6286418
21541577
6441117
29376554
38502335
38777705
39266679
4298297
20481589
8837197
13218578
5752057
30029287
14148256
13704162
22133363
7606464
16295330
246649
18999954
5257125
16651032
1119858
8671692
6140547
6075356
