5191597
7784760
4811022
45349258
6472858
6068544
391395
8068014
4121662
4497830
11348894
27451275
2422720
36509711
21848902
21507809
16604887
5273795
6606201
384625
308737
4878397
7507864
49862802
17666034
2129262
2043045
66002591
33271958
44827819
18223467
595066
12773539
16287082
29156181
50604339
30575126
59025585
8316010
30574291
220620
17945634
36144023
36387444
940850
27262598
12992811
22904160
11255205
139484
190576
28601887
17161736
15905125
1713364
181816
218097
192058
306007
191559
190166
191844
