1264329
27125791
4789094
6160708
667143
827121
905219
34466546
136590
24086921
3260757
8444966
19882859
8557213
964657
4134615
14187195
5346654
812788
5459769
7308741
36906485
54145559
1602292
7547113
12970958
5288018
6056528
1162588
1720930
30385644
69803677
693694
5653435
5619210
60179192
37048657
5621262
2143609
6078891
2684282
15711026
17817722
13644197
16250836
37119926
3155807
51677339
11367613
14396624
2109786
897542
16572780
7362860
27255597
16731259
34495429
2871313
2733632
52154979
22817332
934877
834144
12786007
18191651
47801832
698761
4876039
17726594
23720856
66835595
4419424
10851148
16884659
64134148
19397991
1553607
18012654
14717666
51574293
24651198
25080715
5992641
11223727
12401072
6061991
62641874
19264888
2857419
8943957
17303476
7314471
1223712
65102356
5478412
830803
5378876
3944048
895075
21610536
2583665
47951345
1471753
797388
38483043
39248563
9055403
836414
6201665
16288197
3683911
4062736
23206254
2920541
21436632
2554461
46806538
51221299
1823025
23775455
576331
4317016
39546518
1577697
50975648
16340748
14043004
14980308
886832
2816280
1053435
64111311
898898
3857365
7405951
11462354
27374761
2828960
3363252
7785093
11505918
10135455
22809979
30440329
62057931
17039529
61817870
5265756
24710036
3484719
4882052
22123705
17101296
20416639
60887801
11032662
14724503
6997974
8401331
58566553
9303804
44125361
23935144
12003289
36949943
14065389
976416
3659426
1114844
3932624
8628740
27288211
4200679
10585430
933514
16172245
22452932
16956394
8633017
12939857
19136029
1652756
1407429
7891949
5001626
4396278
10539832
5568051
51007955
966543
27345954
5561669
41922833
3804961
9348613
48237555
2374274
9726143
41413058
1777053
11568994
21349983
30024995
4840673
41568100
1685766
11187044
39011327
26818754
13365476
3581317
185921
29015963
11994223
8491137
23048311
17304778
3790281
8671913
16891407
14981719
10073427
8422783
9484948
22734812
22140160
896247
10372624
14131652
19528012
950734
11615411
13415851
12371624
198525
11141888
10649980
3314125
847388
2108414
3845106
984741
2457982
251711
190813
