48531
1429071
25683251
27390842
17065816
48234354
9042258
7421547
43722235
3260533
35681545
27438175
19675516
8173683
42933739
1276273
3190250
11130800
11570887
58483314
35342421
13113089
52692605
8370517
31254457
55385
5463357
1162210
23780051
2460297
290386
61274292
48026950
42433530
69504567
7091754
931764
21450219
1273894
2465325
1182046
11243154
9187301
7598981
2954001
58961006
260982
12653318
5591247
15532
14291779
34881278
102094
173363
2542486
8894118
4214881
4832957
38933240
97279
2663914
22838153
16764332
12490320
16147405
20497269
67294420
9883229
9509393
54268370
6220648
2455002
12507359
25816479
8491232
29191984
24275323
12539608
20478323
12506127
16454001
67737638
67704706
49152809
8110189
51172623
23105227
198845
22215833
43678899
17641473
12612360
46439293
19677082
8015614
812622
44601775
44311912
4071155
1120035
1249603
25287712
1057928
48798806
34902229
3920981
50097876
40279
6923583
54191080
48468068
13021584
47266362
6001280
44690583
44545250
8118035
32874718
31061045
57375581
16301825
2249403
30470319
20753400
53427520
19485060
8105713
17057538
19192634
6478095
6192672
54166599
27944385
15072045
50957013
21453812
47271948
8275063
336641
1879748
22789734
3122266
338431
36163706
12480054
2208163
32626199
2413744
8105557
17709680
30289249
26377296
24284385
12861754
9711192
36480562
22010471
1917719
19439705
4859807
13434601
31776126
8909750
35628349
12264110
26366549
34187145
30022731
14797240
8103172
1091211
15474710
26113756
12779769
2031073
16274718
22677450
15964613
22249846
16436869
14281507
21497355
688345
12572499
18153817
12077755
16767167
10304834
16812872
96909
6581539
14824640
13484136
13436336
3598969
675876
12540587
12472037
12052301
11688106
9507511
810701
8117441
8118670
8118188
8117222
8109526
4112992
1856269
207836
243484
197386
193386
193095
193009
192930
