48531
30321415
2985632
47071244
9042258
11130800
44330300
11570887
13113089
31254457
55385
53548013
19511737
2665317
349639
5387467
4919740
290386
48026950
4796031
3143683
46043540
2721531
65545911
45761429
173363
1253281
2049360
34316028
1392560
36313129
1534024
16729161
12490320
20497269
3602229
29540378
3990034
59659117
33466886
1048518
18153905
5476193
3663417
39170450
7893
10643629
68086735
34012637
24275323
18808931
228197
21106107
4924518
1477309
2029185
42762926
17644193
12052529
3748670
217195
5257253
10664152
189844
16108964
64432671
44202239
12490752
1431830
255598
1980921
22077667
38613192
40226541
12887840
12964884
54759209
33193849
50725793
1879748
1254
45774276
895038
10774
8167943
12501069
32071633
860187
22188377
12174185
22480594
21819085
5682140
1021301
2477321
43772
12665268
1126577
7408070
290690
21366
216930
305553
218153
290722
330342
255095
192685
614140
634159
373552
