31492952
9555683
2651390
9882308
2145510
3935747
18667099
30221
14943431
37499222
27056185
4760771
9391133
11373553
1674575
4794641
5515301
3271309
4286582
32096708
12099453
6762219
2078516
4090075
2213785
882636
11040804
28266335
8652283
2139699
69021748
4009250
28013803
698387
65265367
5890497
36565701
41642296
5299132
11030352
6461827
4497324
4466433
8201458
10169502
2940897
4845030
11053801
4834289
756329
5904981
4267732
38539512
136026
6881065
22258665
598464
1181435
6044280
4281591
11037290
7463925
12503910
2729099
1518370
11711231
69495760
698048
27996602
4317720
8790239
11194326
7859859
5992118
9007912
1868279
58353709
7297967
41694707
6005676
17351209
1932329
4370820
10413487
4731604
5688986
5238816
23087629
19095218
40952301
11022340
63498319
13243063
13069153
4610099
10790554
57400237
58669116
72550
2090406
6783254
6384799
13659347
56835943
2182413
16099023
16190385
12754414
11032486
3245170
9619549
31549638
36178559
55372247
40108563
1362226
20959260
58364302
64230904
64222993
61423030
58260361
12870112
6856110
7174841
14258001
7808268
212086
10067744
417156
4984231
59534156
12873013
12207089
4427441
4732432
16747667
5942425
606925
13327519
50925254
16280986
8070624
4525672
24379010
31396744
40620622
289964
17528104
11029812
16668815
5969005
34936240
21518935
12509410
6600754
5381933
14527741
26526736
25805906
10549493
12120487
6449153
324473
10989132
12211104
2243595
1399452
193477
