3809685
2981652
6247910
1178748
1277371
1740067
18435685
45388298
2515536
2108116
6061035
2955274
1755571
5982744
12683464
5871398
5655313
6482072
42882394
21222826
7384715
9823765
21430866
31153513
23484496
65283088
1302775
2418656
64025721
4371809
58878753
11893657
31390233
63087789
3128031
13490406
5947487
3520959
39059236
19337084
7097481
2553373
4165639
22698027
64958301
7362508
12365491
14353444
14717668
9174763
46316082
5923399
3936813
18119959
17107399
11036862
9328764
10000604
50877837
23952539
5934367
23038065
66480306
5269512
32071564
42838748
18314574
9858507
47735810
195605
27442971
16692900
39718673
38060658
13022026
16570688
8739072
27344100
36026299
10900963
62200753
14869329
5328796
12860127
60640375
30363874
8357533
31571852
28610520
15833504
5268718
3782233
47441859
54732613
15820853
8951475
10864390
8163671
22182501
51749401
49429175
13453462
14235350
8432744
32951904
15489759
4772752
12413056
14573352
5092264
13496459
34958167
28917369
30222338
28697684
6413521
8083923
28318287
28483952
16284492
15911804
2807072
16454651
18806648
6217422
13758988
198546
810846
9239736
244534
196949
203396
231992
233536
196246
213249
199534
196119
