529760
5427149
4488388
931387
34698659
11847210
3934920
6542967
4593838
3688543
1283483
6219674
1882681
4062959
31290465
7570141
7341668
25267924
6406043
23780051
2183662
295586
201722
1330745
32693238
1098216
5951397
3945153
18976030
48492241
8203565
3181817
1036868
1809307
10119497
2490762
49670047
4017023
6780562
2067226
10948786
31586581
8172082
2310290
19198113
26686549
16279933
1154512
183308
2986912
1558574
382464
61821638
9892796
41529510
2290119
841647
2696240
1845796
13739015
5340496
4235869
3056263
6440693
10720950
4593866
9795230
18159014
423950
685095
6465878
15356548
5074936
4084094
8483764
7655529
2109502
4269686
4193933
733915
3198550
38070716
8168366
34017960
8517354
7836631
46622524
17378665
3542523
8476178
3616407
16139872
56690340
5278221
6488041
8229278
8170419
1843553
6457928
4396064
5051624
5315980
2581056
395274
5628946
19708921
53296023
4673865
53255432
22292141
67019310
18968886
2292004
878221
1233458
3464640
52477463
6101550
29668623
11372310
5194474
4367400
997779
3274994
10844723
9249074
26492706
10008752
17730102
4305034
4481066
3920981
11073587
6114115
5221627
57663782
19069285
3402909
19277583
5367402
3950369
33405949
5671103
47989200
31042181
1172332
30900937
12322750
43129479
12575418
17855083
6457497
4157245
2640655
11491719
22175171
2091583
5888219
2851796
8996900
7493592
36555874
31237576
5304770
14035646
6418256
32599854
27830794
1895069
24341703
6228473
3091039
14034460
18160054
6429705
5044185
2802597
9993351
7854870
17949777
19187948
10304834
14170942
5242195
11530964
8353740
7656715
8899124
8020508
7269398
3340965
2457265
199252
