175916
1015035
59357
316102
1847371
183865
1629074
2767417
34729888
856442
2223559
2650832
199350
5863159
2767359
4340794
1797987
2953954
911564
1476222
1631217
52740189
1504904
55327560
2684280
4501466
74259
624463
2300967
50950377
6732762
3629654
1876755
6762209
332925
28879155
1005447
1053305
1974326
1278390
1030319
2776033
2231962
713596
1311989
7579080
1135550
2953982
801225
146578
63533449
42209999
62629300
9023924
12773735
13008760
2342922
1355817
1240502
1750402
29920651
4933885
2751590
4703929
1624786
2294287
1448113
1683204
