23385697
4807258
7800037
1107975
9124699
778810
4508790
30088931
25925643
225765
50795248
5570099
18522804
4391209
177392
3177314
6102089
15598216
23072046
2401143
4671433
9495891
3046014
2639856
13338747
47707927
875515
8488857
62612326
22813933
18431635
149578
28367744
59796732
4735655
1392687
2422597
56991218
45531713
7459771
31713570
17868
3917342
10560483
8329326
163759
2499092
914948
11621902
885142
296796
24619646
935639
2847349
49573903
2686457
335946
34958665
22856918
523543
208904
16642900
8163737
21498719
9549047
8837881
227372
54985701
8642756
8053932
21372754
8681777
25356751
23693315
5358830
7238452
9404577
8163696
23677602
32197367
17069006
15705819
278924
7079812
1201880
8786002
19207620
23693154
25182958
25182966
9256329
19879757
4833095
351757
81356
3149409
4832932
5126835
217686
1132152
215159
182663
