12226328
22990490
807221
18208585
4158589
22617268
62511374
1331641
13553498
51259321
29172665
667420
1041061
4075456
48546466
32013284
5626247
2705510
309745
50378
57468858
13910117
3873352
7117611
2103526
213910
811843
29344014
6845901
22858763
14430696
1424539
278240
10812554
2412686
47871664
9502037
23634296
547323
1008029
60208197
49024556
7658661
4117304
2773840
859856
2519722
56230091
16518867
620610
26934813
65340697
650950
15831576
1347060
3262921
28801086
4026434
11021465
22058884
98917
15892839
1252895
7503988
25338176
1293069
50755752
56505534
9687182
2871568
25509189
3924343
945332
206584
54376870
560639
33426953
3576291
204953
3763101
58934400
10991219
58041128
27179591
51728857
34652091
5274995
855506
17204503
1775816
34071534
22355954
26637945
4238003
39439310
573648
36461162
22760949
619326
64702881
44311912
57129221
64088120
9590184
8540224
806745
10524620
51274012
1106457
57968133
10057859
47240924
26408040
4209262
1699738
5707318
13939759
1882534
1399424
16247894
34983260
803179
26232800
9668677
5713590
4466771
26245320
1257422
2024657
3815144
16310014
10723117
849372
14675781
8122781
1009462
2773127
4342406
1991923
817189
618861
3235110
397017
1389429
1271636
750478
1353404
203990
1045747
863654
817262
879525
214198
