31492952
27999257
4761892
5860871
13798293
6247910
14873887
2513987
24480319
23206148
4816194
7417265
5479103
6246839
18335772
1394928
38490527
22083807
5501049
7126530
12048359
14727061
16095414
6460330
15332219
8773670
14819128
24875483
7498164
3941502
12090607
5871632
3530803
21391122
11836998
17661178
15157537
13608023
40645210
284485
17907964
26760286
24123301
16723750
38471888
3536004
12937470
8302205
15422527
1768003
48197248
9677638
9265895
3835702
11592265
14688113
924111
14155949
1053059
6163718
27100322
10625754
68634935
5042372
12422704
963480
4685178
24430973
37849334
28438000
9151105
1410180
11208792
5936510
7645752
33238624
29774516
60012313
58119815
22115202
16037881
51261445
50172909
18773986
16246242
17719389
17685717
37223627
16901513
28882068
13791075
21012773
26676226
4848898
16819848
