5398177
5611982
18434553
13045469
1912188
4083189
203107
26818507
15139865
56793619
5064548
12652498
24494210
1178375
44775092
61455165
38756009
42861499
26631716
2162599
61272835
55772939
216373
10678266
69763597
7231776
7839599
20312886
5620040
33229892
27804040
7502442
2362134
8902255
69496605
44103010
11115081
12739632
58760483
7698794
14038203
68367647
67634435
4896173
245193
31280601
16159296
26934813
34281484
17783328
5882686
10355059
18276496
18780704
20141714
60011492
28570417
58946990
42287855
48814673
18889536
5606310
17202553
745894
17879650
6305244
48852802
8346278
36172751
11832068
4188873
1333272
16905690
1235381
11979063
11397170
65652407
42194828
38259036
65132908
16899027
41886065
30020845
5797230
38726199
59293394
13228129
49362631
58374623
9403767
55075695
13263727
26933461
5772904
41164265
7732409
8209375
55045999
63853345
39213278
58266531
59533710
9420929
3998320
396014
7826753
54588722
22198694
61601203
27340937
18794932
5767433
9940473
10802969
27757537
10458342
13950617
11723208
50375468
8258551
57998287
18711361
45857235
776659
6292813
7404529
13697317
3032730
17666322
6448079
51773642
11047369
51827888
8164406
4749887
17700524
36845956
33387629
7994876
31534910
48929714
47874699
42589275
7153099
22048451
44322947
14045478
32273293
7646237
27340947
18219316
196962
12413678
7257416
5900270
31202205
36935070
22535491
29372743
7925034
13322127
5542140
7248212
22027174
10227686
11738435
19420809
7577559
11743502
13982162
9960321
10849419
9609959
2242915
7249044
7606661
1545832
199655
2885980
2299472
736346
