4114252
2561971
152017
4992336
1618324
895973
2664067
1961006
2854590
1205587
1007892
306349
369558
1617237
1731272
232835
1614557
697401
339299
3835387
856442
1142827
1622164
102611
2320735
56231964
14804774
243542
3529919
1604173
731369
67228960
4807114
138700
153882
3565325
1090022
4528129
358037
6425274
5056047
16531131
217247
4347788
1091055
309690
2952124
1391160
7761908
1071576
2971848
3342067
65689399
411374
250195
2425369
16068813
190797
1470392
147214
1960904
481947
1051411
326382
242590
1642485
2452954
114114
2109023
1634514
3650661
288986
3842086
812792
3822149
3578456
5060246
415667
3111284
13912618
8131658
2163922
1318991
2200292
1406908
1450069
72747
405261
16290466
2238412
1277010
149151
221981
3712668
2708273
1466643
612341
5540969
764089
3219828
3505023
5647885
3206234
1155775
1503563
13912067
1811287
943708
2010871
2893080
160547
970469
2593126
1084008
2188913
60744671
3736809
751001
1973090
45132672
290544
114093
270060
357607
1324284
1260846
619633
5076882
149344
146141
2032573
808635
342464
69027344
1016401
145863
5736365
348670
68970988
368694
15369077
2306141
2305318
93344
592050
391170
235196
4054196
3821044
1362250
964633
3214567
3065278
890685
633463
13188745
630618
53271915
39362486
206879
11739224
808410
11364883
426015
1594319
1251947
342221
4749604
3041664
177836
579290
3872128
3797335
4727188
7037792
1297452
29393007
64716511
1017540
660741
801583
2246733
1160827
3227320
49679243
3311196
266043
4024650
67434238
4599884
983292
189220
2476168
3520061
228150
11689
1319393
3138895
5247457
716885
28935734
2524457
108820
813555
6362606
2603658
976628
1745393
2435502
4113021
218525
1571747
4600185
95825
284
182533
3080647
1242373
3583565
66301599
1518836
9505870
12764773
55133767
342175
2891898
130738
4116621
19937628
154362
2313204
574109
3081287
1597717
770023
2325122
1601685
95081
887694
2769826
46819248
1734440
3316146
64731040
221095
2882355
64343049
24120037
3411967
1721068
215534
1640741
992474
94264
1591745
2939193
685174
3921577
14283506
239531
5044327
1505794
62239644
3621656
2041408
204532
50159
3996001
37195086
164789
1526755
1154135
60184493
60928334
1796298
17761571
60774758
14083487
60741875
607736
1941101
60290368
2932410
4286728
25588292
197209
280456
235304
1623245
58715515
246137
652458
1608616
322469
52902122
41380357
11483505
17093648
58455371
503680
857986
1918031
58317848
51970148
186010
3276292
1073733
23416811
402338
129004
97342
920179
56725599
3560603
191290
341083
246820
4088130
12358146
5054025
10881031
5671985
564732
54081839
8190055
2245189
44723
518683
55161997
31857699
11405335
231598
3627067
2070394
101803
5931958
196252
613126
52406512
4407708
5311
4405890
278416
25575363
442004
1598477
50259407
3486031
1059334
1849907
555754
15760427
397500
2329727
2801019
2480721
25559785
194332
2126761
249076
24221895
556462
231315
7678137
1737346
1666103
373196
3371277
2790789
601974
4887700
4987468
3061735
239659
712526
2747523
37332170
4037704
377867
1850085
46048123
3728658
9558695
156374
2783040
2033829
1672419
270531
1185251
347052
2559130
207681
3094291
212109
2301114
39908375
1108096
903406
34347687
2643516
1386801
1111573
39018563
1826178
3045355
3280836
171006
1707482
5596395
943402
5074973
1602535
572078
40681636
1148193
39371125
240773
148473
21701021
4408366
3459995
3434008
396856
1640446
176519
3707923
773637
35804560
2317681
272239
181509
2223406
33618665
983553
322862
1598227
2975944
319719
8788678
3505185
13045
25087816
1901863
1998083
356269
2492665
587502
943168
29144267
31067643
2848487
3756911
15256905
14346554
887319
401048
1111380
165573
323635
4143457
1594681
60689
411293
399875
3655686
26302365
4030603
1682844
4323101
601240
480776
2747453
1397558
171637
227750
1716306
227179
3351098
271516
23890593
17196278
23693012
1688659
20469439
319508
249456
6020820
9855805
15813565
4283617
156227
414969
4797011
229520
21748345
175579
2524544
872215
18665490
3492680
1425264
6945278
3320585
3068067
124739
857927
3013256
824636
329310
2317759
2386735
661339
717178
235900
1734637
15962608
3644001
4675029
16748414
436013
568089
156191
14946210
299017
347930
2015217
950763
3548763
813720
756935
3223448
4410048
88682
235432
332283
1662743
1442468
364659
166040
4291916
404115
6347319
166165
3856778
5892477
10624768
2800904
3798982
420887
3864257
302863
1807332
2806857
396842
8983421
4331834
998417
1227912
252221
1054576
8536912
1600903
3467890
3605583
7846177
367081
7621141
215872
3514700
4408319
2955893
635822
321816
3728450
24053
6956365
1721653
4459710
3814002
567285
980723
213214
1644179
160908
714764
376292
1051025
943179
934822
931729
375821
3957973
409684
1039112
720073
892391
932505
171639
751280
429570
4278503
5824163
3773215
1724873
1330683
5285155
200139
4252128
1881084
4827569
1834605
4840437
399742
745239
4912959
2535046
460259
4352582
964156
937068
206891
200874
114104
3287586
1236194
221790
3125123
393130
285177
4547495
96239
997968
833988
3588410
2984603
171120
4353285
2315007
101088
3169048
2663103
3156126
186352
3153136
903791
3930485
240581
3815797
168507
235610
151400
3785235
3784845
49247
4360
1594291
942812
3551306
375429
163558
3457637
947297
3400213
437848
3337097
256951
2242125
703793
483188
94862
1359626
169398
1574625
1391155
173902
1526311
50547
397890
2848258
31315
1845
173950
200095
175369
200181
636407
203991
206828
410322
2062028
2907345
2916070
441996
2895031
2673496
200601
1672443
1734499
304173
2009680
369365
848125
268583
3573
308019
138736
2572093
718171
222214
283563
253899
408032
2436110
145904
312098
170382
1708109
399424
2340789
430335
2314042
190700
409941
310097
389011
175467
891604
2147562
560662
822293
788729
249693
23965
186042
842454
481691
239682
663732
1619860
704392
1035558
256260
375893
857452
1001168
183650
194439
1608831
1131491
424638
1108082
207886
105694
818074
839054
234847
585135
1207515
439064
367182
407481
956946
731287
236188
81673
448296
1031167
66949
158737
159085
831657
899932
327966
239468
233056
868043
862627
145997
228021
461606
249616
231433
164631
408079
517743
456517
375452
233596
235208
156075
270465
262766
191288
220987
227837
221787
155665
170636
