56171986
56918972
51760314
44141216
52163641
4939800
300011
6065
62605653
17014004
604006
55296901
60878276
63720118
19477524
68600869
18820419
23668420
61927619
15862494
29981865
48543633
622003
13081465
26363757
6422832
65311387
1270279
62712
22465526
3373662
17005810
12624717
59461801
61094791
22327227
36594690
1392878
34630143
606465
52455386
51266902
21303106
9070858
2427138
4348108
4186478
25630673
14257966
652578
31767043
716975
17236433
1950720
2180
619465
912275
4007057
2088
67809
1918217
604060
2457
3027
3393
