55941050
142292
1481800
220125
16089200
4635915
2321124
45386390
66381943
40144938
2641050
4169861
4283922
244362
1683691
9511617
30003850
540732
1905730
22500985
7661847
11830755
3886205
32984826
52171154
306941
39377455
32360928
492941
43179133
1313015
12304762
14929541
7239864
296680
31225982
22672468
5031802
3086964
58042571
520306
46400685
4483902
11971628
40661503
223734
67729034
12503342
29069635
35480043
27702028
377077
18519
34258866
52476469
24216691
41554334
220184
547289
6481714
56993056
124231
3328801
62984232
33469738
27613567
990773
432488
46583636
27475670
16812106
36840470
44824607
573293
19381247
8983915
21411589
11957957
19400307
4184418
28925693
46022725
7746682
2937681
44246
234865
42136427
32953221
17421973
2805242
221166
541141
669394
29012596
23802943
5887256
22917920
7375591
229841
3832886
147721
326303
1046156
1190447
386837
1678170
147772
541075
223558
550302
