173179
384322
2118608
222756
4686857
366704
677647
413547
12909918
20101
28651635
624276
23951369
88250
10483109
1493821
24886723
15963628
13262728
69401822
58811752
22910705
247666
88218
5699015
558
5910614
1172235
6811666
2723921
590726
1199925
1038906
16771639
11114411
8765943
88230
1241024
13303986
1254529
22491644
53446666
1220057
10646744
1612473
24451619
58775455
47444
434845
8731116
321414
12972366
306792
173490
867094
847316
10470759
26700753
5408821
11267093
1383666
190230
5304488
587115
1230973
2423651
2108597
4612993
87815
2112094
2840948
1244030
438225
1693392
1432512
1193019
269285
649172
