5899910
1624588
5611391
7126530
202371
3009190
1351267
4657842
11439093
4176700
230325
5020972
20756281
16477987
1938918
1553423
4993140
330765
284410
817964
6837678
5708486
206331
7800899
2753688
2526405
2320578
2349826
3882338
4847565
1317003
667474
3867822
224620
3543119
52735844
915283
1146532
279914
2073897
14774267
21945924
572055
336551
1573990
1266395
2078998
971061
541517
68633800
67414
4100056
966475
9459104
230982
25111689
69021067
7328323
2022416
2661598
1925593
4580725
138271
422636
1321914
581212
229249
13758369
39728097
1052124
1252650
4088356
4310869
65588942
4284342
10782993
1630601
4181065
32898787
6030686
38542
4859890
28103254
137838
2302555
19084731
27473900
1788722
627510
45560578
11242599
881761
12684379
22645012
238880
43993899
4299037
808306
1098601
6529352
6789245
38605429
3758680
10309565
1646076
28153560
13165505
1490080
289834
169794
21967098
1306683
729278
4288245
3338773
648487
1197453
314425
1209044
867618
1291750
2527906
2636827
2117502
2003370
1876446
1425681
210714
627494
403254
