59357
6842331
17590179
59023924
2678709
6810828
232478
4706032
3182276
12471600
55900909
55250308
1371140
23230535
1516428
1878805
1475596
558
8241312
7483473
9703296
9635842
7921206
7873755
36575042
31235965
3882528
152837
4949635
60913236
37017012
15897408
8194835
9635228
15809759
9859024
30281059
33726238
3187950
41200810
9615050
58709017
42325476
56417324
2826733
46844388
3227847
5639381
40941099
6842095
27845646
5476971
13690563
16175122
5425127
8053755
5724143
9702296
18109861
22019206
9854240
20019044
13237273
307649
14211304
9586006
11916232
1252858
3009709
