43849546
56241080
2345546
19967748
1790150
60181021
2625148
3723192
36798518
7283614
42349498
11990143
26765682
6033250
32052746
69598426
8003549
38368596
7178543
1344902
46241901
12581953
6541425
3981823
16444240
52366782
33213455
11323987
44523476
2905964
48834229
1703194
33255854
4758562
47047936
18661477
26102311
8230893
36011696
56881210
10936284
20391154
51381498
23609156
24430128
5969041
18792118
50521322
22326086
49860593
52476469
4725673
11424656
56163212
8591058
22917462
10396524
8980699
7454014
40259699
48342081
6000507
7058507
35866935
50609585
59926628
54806558
18814677
20053290
8380498
6812792
9850424
19386375
50185906
38673443
964939
42768575
4744691
13470472
47386234
50250645
44049612
12453447
47491180
75048
17823677
15884482
31685232
8394355
30811128
18723259
855777
11957950
8742439
14015888
12582053
14384633
16447864
12604934
9425927
1767018
5986217
1812112
1404760
1158289
2295547
1010171
