2180774
3788268
810272
5979428
316285
174251
16045684
4716503
56292983
4411357
665897
1407030
175744
1356535
4802632
15405
15255732
1729480
1787137
15797
136247
3085741
273413
2523322
721421
622251
1593966
1288876
198705
1568994
2579325
8004699
2606847
32499111
1647145
1596844
4369680
693596
1407025
6281629
16040711
237114
354768
663894
1854597
15411
3089516
7444009
51183167
34297155
64240787
1587840
1848997
166576
8007765
2473803
4122
2164667
68209964
1387592
1985799
142817
4539735
673741
2795562
1424518
62135665
21965175
3131886
50732398
4446207
1539719
88106
17132806
1620239
25589041
88396
3548310
1441615
870804
4216814
7197576
3006450
3468492
1293066
15493342
2366033
81150
55123890
1452887
40773553
1002344
361493
234935
261350
148584
21715719
27051015
5942442
2186693
23037785
24102164
2644205
1667191
48523712
181724
917370
63467837
3112535
2718347
5056937
15701972
80906
2267870
16290
9323101
10084482
26731592
39212
55302582
3383772
20499574
1778566
56956837
64133074
1410714
3100768
67868213
3818657
235176
27063886
45463729
1716141
2237464
1103401
190529
1787038
306944
10696982
53663
66810156
263339
943127
689928
2057572
10377582
4097743
9372355
2056979
110484
22275176
1544042
926218
521724
4025179
63415948
2558199
20326982
6810859
437968
54439436
926404
14895678
1389279
14365327
41503001
16137081
52157403
2360118
17144999
14877641
6107255
1855533
31733055
58704309
69298
21484
19824030
9198513
10473369
4033655
17884614
389148
31020373
2178312
1351303
54994754
4192549
32606839
10975650
1994302
27311174
4383575
18721854
20613281
3607561
44817550
23040247
1592922
721263
10108032
954772
2133385
11970823
34528107
12453998
25873201
10132230
1849281
2493596
26797834
19542270
31660452
30851496
2647521
2176205
27683260
11208463
24510259
15363188
9431077
16624312
1426503
16048965
1652412
2762132
19223822
1154134
17463941
281731
12219905
1747872
2386990
10497306
2429264
124907
917835
287746
4646457
3259046
2574861
113221
