895310
50408211
6354112
1701553
6915394
2641948
30444249
4820681
4059160
3533262
4196681
56035852
3959019
17331573
13561489
15055195
5827585
278339
56415353
40708249
38541211
3217215
6142631
2072932
5951397
240968
33447134
2767944
5463746
5157437
4075879
1370687
24652559
8030675
36595909
30995917
36011329
236920
23413478
21025513
4729956
881670
5083992
2836722
3142799
35468886
10409462
11302201
8187751
27479618
7770834
14552494
2475651
20831327
2775058
46668680
57585224
61111147
59858222
6756710
31196653
45924582
44663665
44593475
44430144
58774625
9509414
20851585
47091776
27374134
21882610
8429261
18023618
1530991
17209136
4983775
1312819
240274
320436
