4252129
7126530
6281777
33106
946659
1923444
2971688
68413132
85678
64390675
6888179
27155389
9722274
2007831
33447134
9580815
4201267
3308322
8683556
2136929
3012919
14693813
894891
57187847
57153474
3900469
62478888
22186588
19424822
1465651
22469509
68885944
970684
1586244
57023973
3694923
60740722
7937791
9560062
24390079
57326495
41923626
28582104
215273
50937339
68993241
9978886
28800135
4700450
46035048
1924176
12812189
67283700
2897521
1941968
12281460
11898065
12957955
2796548
28544199
9572088
56096978
2062089
21957517
20336308
4859890
171611
8456577
50754671
45968954
47095003
1931805
12372194
24527328
9617977
10929532
14653192
8069172
15198182
11782090
20385844
31967036
10133888
3147557
7029046
17231007
4926925
275685
6920252
10209914
2735486
31568016
26033230
1535254
10222933
1924836
14469903
1976168
171627
1932883
2386735
6088362
3858
11657538
6281238
5518627
4442793
699743
1196181
4288164
798001
2175111
2652600
1936998
1933218
