3605547
3267966
1618324
2664067
725750
1961006
400211
45006
1454002
8732845
858390
369558
1435837
5354182
8478760
4296702
383883
1142827
102611
147898
2982639
390640
1647581
5945231
2995923
2233899
17029971
4287148
4807114
19626496
1853166
7446554
22012607
1071576
3342067
1428664
94446
1960904
6065980
2452954
2109023
4415426
812792
3934222
2163922
3007743
2112750
26813835
1450069
69709519
9235501
7283011
2928293
1139273
66868968
24285759
2012421
863009
2893080
6717338
9583350
16553455
59523
20281830
114093
7007751
69156606
389509
16377705
3033374
540767
153774
8231537
961370
3028242
8420778
17680291
4347868
890685
3939248
2572860
5431786
4543027
3572344
5708583
11364883
351452
47677125
67919759
801583
716296
2989953
67468765
621415
7916334
983292
189220
540865
3264364
6115349
1119182
31607385
12325335
1073969
3297283
1597717
3192766
745166
1073731
65007638
12171322
3332351
34008882
685174
36545275
62120215
27971048
44455013
7357645
733058
60167459
8817725
342912
4222505
38290376
14915989
207068
1571850
54971517
1754960
55033214
2409467
19288807
4034292
983615
442659
278321
101803
151361
149338
35951075
6038118
3824535
2066896
3256154
1666103
373196
47419721
4037704
2442126
1672419
612117
238591
2301114
2156911
1108096
25238642
3826297
572078
2870136
240773
4408366
101478
933535
2351331
276880
3520940
8656470
4186813
30880737
3756911
401048
21943775
1205332
13737883
1594681
15445928
7808996
24619156
22402198
10975221
10491390
2838537
2845456
6020820
1316152
2448651
6945278
20754364
19874264
54314
18915710
3058046
319197
156191
8733110
14984905
37565
3152213
12174552
714754
2580503
249454
6403076
154135
2572605
1978867
26269
4269727
3773215
1724873
85243
853615
4149732
38778
2393969
102930
319050
1920654
101088
240581
168507
497194
151400
2044663
2044199
837992
393389
183813
189177
3089355
1071599
34778
280385
278801
307967
196312
253874
1965525
1997352
1970218
1964917
191490
1754942
1181687
1176906
1175521
249616
256062
246438
