3148407
103489
14158118
1396651
1893779
1902630
51309506
740508
365664
39276568
37858688
958967
1941794
245923
34299599
9329229
2156635
33449340
1495948
19638596
43931470
260861
1496221
2129597
1152262
1456538
624463
4487924
1832506
1139596
257664
1150423
1961032
29693643
38541269
45679094
39522923
399787
16208261
68334863
745078
44118613
716296
884839
1179494
280283
3809663
63343233
1221643
40711603
94215
89507
1598270
1715358
1121925
258911
54815877
5866449
223622
1580871
1479684
4157851
3125854
36428457
2351518
5925753
152105
1479677
38408127
19439168
1598477
15903174
183337
45587697
1700154
32200100
39615000
978229
1718872
25142569
6836049
29455304
26974196
160935
13021428
148132
1527091
12851642
774246
20806385
640963
407999
1471391
259344
185671
3211932
579123
257105
4624344
3439714
3151286
435111
94293
1603791
151197
150741
