327471
2997696
1349220
2783430
2806016
2619049
3721849
4857253
3122948
9370629
2774217
2449271
34163326
723074
4875533
5962883
2357731
2970209
1253912
2629201
563579
2226546
2125148
9721962
1268558
20888637
1378745
3275154
2226320
2300640
4892869
2001477
5704803
1246655
3445548
1859114
24482854
4621472
3751437
722477
4008366
1867541
724708
724974
2680107
2758235
2341206
134374
1969199
2606277
3165154
2225612
1617697
2697090
16312916
3423663
2223120
12630897
2366949
1939132
3251905
2492767
1218813
724692
5679429
12771040
1016356
2553575
5028460
724603
2816745
3083886
2429186
21902672
4329075
132296
1395929
2975641
1250763
4405071
14325520
2850786
1198394
4063833
2672626
17243226
1257633
12917902
8019430
3146164
5049078
3302131
3214306
2919909
5665018
926994
1571119
1076820
594577
3002872
740719
1462187
4725911
2861693
7046944
2515913
2225940
2833134
2363946
4259801
7030191
12630046
2539490
738977
6752333
5685355
2574419
2381152
3687130
2952159
3061028
2797285
4137102
2798668
3169223
2941527
