7608899
5203650
44110461
10781987
17550719
24961834
6198162
2634156
4160781
9215897
231931
26616516
8711000
44576431
11879765
24631829
39890728
7198679
31600618
54055134
16324730
49713251
54316275
55846035
51815192
5313760
17029414
7994473
22400753
22304109
45683948
15375272
53317710
17830298
19283009
65993500
66742699
55971689
1164138
39872552
15405624
54900490
334592
68864703
23218136
5283379
42792371
16707826
29719248
16226112
67423581
25093327
23143892
30197719
5416250
4791281
20158202
13229899
68585665
11237672
39017804
26386656
61562871
23385551
11863081
12068014
43576779
22768105
60895710
5343380
56113563
42482433
22589556
14127293
63079848
21257966
15542937
60774369
24552545
50152887
14834891
67727669
2681079
2637841
18991190
4325856
54829424
28366166
4333401
13890858
8818617
17368559
12067409
67066377
55656324
7674560
61312195
35417210
58682425
10120194
7277419
48996476
34352768
48247350
507625
16457278
51699706
60695234
50135826
14300695
28649338
1170390
30873387
20276462
21736530
53507319
64760861
22012890
24166603
32093846
19904952
47453651
18169281
2561073
9009196
23406707
24635079
24175439
7426525
11655773
15610733
48356446
26680209
34944773
3501457
1758349
61050589
16594655
54571364
22048029
1686376
22397126
38467919
18553059
19769703
59513356
36652577
20760316
17454583
51625279
18998161
57930055
15218942
6263713
748861
57195918
42306988
55322279
56036108
19410419
31546096
30567647
54200526
6634553
17266882
24442145
38004111
13285779
43311538
53092166
23599476
45694858
9683223
49561935
45186798
211229
24201898
14835962
43234167
41927929
11821467
6466203
15544563
18773229
25539520
18356705
18735884
11703177
42333505
24044988
43252185
19242653
42799952
260761
24012206
33253048
40912708
32732147
16816713
25794732
13854845
19302095
9512708
28190134
17599037
12296201
210987
15471554
17678534
17268707
19816771
14956564
17459090
26107900
227750
11895411
20347382
14366486
12065786
19384369
18330464
16302377
16525959
419923
15512722
7568112
408123
4276337
890186
893497
1760496
733351
252697
