18817068
4373783
11254881
5856247
5862823
28506664
4829884
31567333
47142239
6539272
4565825
1325607
1414282
350218
28511570
11966113
27394326
15594744
31413233
15683770
37084160
5934176
5157049
3947630
3532236
5564285
3616415
16592314
34945451
5860412
29506549
654572
6069996
9895487
1056725
14850252
23227804
32311490
12198485
27332154
11720475
3388448
14782314
11306885
11722852
8396125
1434527
8392673
1896661
52242289
5436039
45391418
769160
8393975
7059309
6114572
60175505
12358746
35866915
10418107
39307968
11754738
44430144
55280114
7987713
26556444
12354614
13367536
17926582
8633796
12377614
