730340
1074924
1500309
11063012
105362
6006437
2880464
19686154
19032602
198602
253455
3031589
68985000
15200518
12663049
1930049
738448
11310473
30186602
4681059
1402829
24931082
5869512
5456960
15985949
657666
66995227
738499
54291875
3955370
1860925
253212
1912139
437994
1481792
21569
16412752
5609916
3793534
17010106
384051
51008369
16637531
10553923
21967665
278742
64886012
385927
63736855
14848544
29829
1074918
198230
2824075
63428824
700303
276827
27132725
17624084
1529385
316526
15186997
724240
54495
232014
2142875
9709692
1722817
11398378
765224
31645598
12696521
22498996
9657443
225890
5541557
842878
244887
4030003
306268
53594
