69653888
6886750
27602
5880594
3143585
33903760
26810
2564446
45418110
26786
8419458
10510091
22650860
5564359
4221651
2786893
4917570
49850014
18343637
22476012
16214583
12115391
21141026
24612560
64851080
15945955
27641
39478264
29537749
48154891
25939095
43627626
2193576
41806402
6233814
34284883
3331646
18760261
15250034
19368661
21191470
19389434
6563879
38770724
36228810
34430173
4487332
20840091
20900791
15402720
15987497
7362649
13362442
9282021
9329773
3017547
1910383
76736
30963
28122
27357
27624
27661
27639
