28917444
7900569
14970551
30845
1065425
2113369
2090
6248356
74010
58871
53374
22568890
1454259
46110796
1609380
1090022
9629976
9187301
55070961
1610965
7516748
5925626
69804863
62615575
1446225
1885769
30682137
43430896
2989434
47722618
21487473
8120050
9446270
3876603
14675401
4893357
16263910
1585839
4808834
334338
18644568
10682009
705286
67769414
6223613
66962126
53512932
56886050
2740914
18312464
57536218
9308818
16397330
9020989
2171684
17959407
14971560
30313746
67257714
10127
20887
9174799
11471
12037833
57142587
793535
26056058
8110641
16573308
954066
15730648
14861739
13930652
56750199
11942
11966913
11616236
2923396
13358612
16439763
24013764
14772743
3921003
9275035
20166749
7701714
22320726
67406047
1058260
11807
38180427
4943938
8122164
2535954
2201321
20383851
27001
11966877
2822010
33692747
12399691
1548956
16119344
24566838
253590
64717873
16497190
13883967
21180954
5333680
107786
9749143
2544998
1727
64292852
26003178
23652503
25191003
156302
1550709
12379262
18241280
30653367
56802715
39986429
8993256
74237
2739985
17678431
28438735
3852802
5013357
57861724
718112
4236982
15051547
30876456
9224690
17712794
1391305
211276
18653089
810759
14627069
850885
38586202
12478812
15450764
7141136
15556782
32420692
250208
55786127
55797461
122008
18781059
19314590
4388057
6192672
11420776
10265724
1196682
278416
28000463
18219196
2537889
13291638
13021603
1446668
1116186
157369
14159776
807748
1476017
13508667
40572861
1254
14697072
45484735
12509453
41058875
45424384
45186197
18964644
3215208
207681
50084
25271023
6432471
7263677
14019918
2486314
16958309
27772
8435417
26607554
14898685
12518525
6636621
29863153
4522646
19156520
38137601
21737109
14876813
18154179
8310111
236456
18762703
20217979
35612866
20006549
34454632
28277473
32155509
5061977
34322084
4415603
19373827
33382674
384994
17607261
33111734
666358
312304
19973000
12421673
31964954
11673765
30954956
19067460
8117337
19981148
2046522
10728488
4027588
16420637
6008817
8483311
16365208
4547260
13402310
3966589
12507836
14819207
12037648
1928137
2374219
13024409
25271502
8308523
2455883
13022571
15482092
15697788
20803104
12021965
20669187
915000
18743986
15320978
9174651
18571554
17755147
17197621
96909
16761461
47455
16597650
4174162
2250904
7603522
14477114
15400426
15229640
1480247
13038444
649543
14070005
2643325
8957060
13427261
11967054
9016
12488562
148672
12392824
11980678
11966350
4185414
8517865
10213570
9568835
7977569
6353221
1669723
2245417
774165
14709
16375
45528
48949
38778
1168634
60023
2829017
1348437
3506972
869967
118987
50547
107623
107597
1128409
53419
2240369
21837
58681
13257
1462617
1462657
23965
7797
197881
1521837
1344009
553257
18304
339142
385468
15869
21514
728062
54220
12886
10891
11996
