52663002
3132692
1136301
9164902
6689906
1250539
91074
2339366
61309832
1695691
9894481
139747
237552
4359244
5259237
37921204
1292442
6145933
5675178
69545952
65453950
2538754
767319
218329
47392175
21703160
68638915
975875
2063474
28678169
1132951
2802605
10518738
14730913
44388738
43542795
60692626
64087251
651462
18406279
64996918
10366601
4045644
337251
64522731
3226922
632065
7842713
11756974
115985
3018087
60313302
54044510
45923668
44430144
37542829
6965272
7865834
15981977
9395652
14269646
1254578
41950887
12628264
27226057
9256891
3955130
19947401
13959637
12206271
1360515
22851335
4422208
3999632
1789651
9626744
7137055
2059200
1070761
3548492
1603435
2170911
2492944
815816
782127
809174
819011
273158
