36960689
4736006
27125791
2531602
275698
347678
263190
30936384
3928963
1262025
1241816
895435
19682119
38541211
875654
1282343
19882859
6895330
6343309
5951397
1198638
4408564
667376
1066070
4074539
402161
5870243
53701119
2898880
28222302
676573
33847916
11258784
3341092
1622888
27012264
667278
5735391
779274
5132699
10105077
1085180
1234286
43569014
1873555
16095152
692776
515843
67110576
8433809
4286570
1359660
271612
25906026
2332608
30081268
408320
5379463
119640
1016005
895075
666770
31832030
27181242
38551806
9889301
941335
418078
4062736
11287861
61509922
6060664
61162257
65088865
18407143
42973189
29231799
57435577
17186859
4754294
937256
3363252
61732639
1000701
59640035
1667053
39856158
8477335
4550679
663423
7211416
3674569
663377
6358385
2563879
46287168
52246078
15304201
2754203
31535368
9447173
23231550
45180934
9350995
11129229
1419308
9455667
22771172
889908
35270009
981047
16267235
15468318
19010981
657610
19257792
277318
13091918
9664455
9927467
679920
1546161
3639452
722004
693221
1243098
434397
