5329977
4222084
4719641
51998888
5435997
1343864
2336985
3177566
4878765
28613204
405390
5759543
2776346
6906961
3399699
188365
14200645
3083001
1163586
7155819
4013351
1016831
1265092
4581159
2465856
6595239
2221067
56491314
272909
33998334
43302647
8171905
10051633
5064568
3570431
4755238
3968653
2732683
86806
9254479
36339008
5944196
2250020
172360
4568572
6204132
2380936
2416125
19426624
3486062
4270858
63756861
7805187
8019667
18882907
1478030
373336
25992613
2448124
6260635
5771244
30036140
36483156
1779637
2609997
9441473
654632
30077257
1479318
2524799
605843
1720620
3235169
40557602
1709596
1776702
33737465
1101220
3647525
7517466
10685756
17295220
4041384
63721596
6613599
3333119
3151191
3458404
61272373
4422485
4283922
7712794
12282386
859095
214145
467050
5238046
3931317
4719936
26633857
115687
31853583
866422
8242735
7838503
3229028
3681137
24027706
2745288
3067217
466591
3738869
2574284
232609
63434551
1890078
29986
6431561
52992135
1886642
1216424
2507264
3029747
4467126
3515395
1205823
3057525
1976394
1363610
42210981
6896251
4220912
47868173
3318903
4983769
533046
1283893
1129570
36735178
6808288
990086
5145820
4790478
22413274
55066666
7883731
10431036
5326878
19875814
7650241
7356569
1639904
7265144
1002134
3396490
60273696
20415440
50841468
19938815
1069386
522896
62674982
6203651
6426949
3083886
9749428
34714988
63311850
30419157
3520669
5149790
29825790
33816538
4707850
5067421
26503500
4117335
10077308
8271249
7130920
6524859
3338183
2888638
1260906
26607720
3336518
278778
1313068
591376
19036441
29085498
50859803
22553434
49816892
12856607
36555157
759570
53269412
17021610
3369193
35599853
585123
63432489
14254157
25371662
2416350
44020218
50888693
1355177
16995643
33812007
4358808
3177638
19707901
5677280
26417329
3251018
3199617
7445523
7397320
3648623
45527830
7264286
2698701
64603229
20370511
2611772
30948434
1154368
41165552
7719518
10133750
18317194
9161888
4912286
17311865
56149563
18468175
3960681
8443174
12989079
3630915
44339929
6145220
44663665
21647023
11729111
22549951
17600295
4488138
14874657
7247862
9479563
8644518
154427
17477160
4622798
2981703
20964858
7252624
23844941
36938927
2941288
4549515
31886685
5000487
7576711
22785044
17646702
3796171
10859527
11083457
17079147
14087101
769383
