3600765
21809972
916238
299053
3082456
522867
279717
3925649
27893020
13744543
280568
413107
278703
16662149
527377
23088769
277303
4779271
9247123
2946237
7753038
1930731
310841
3925914
277257
54446240
2342918
2070451
1835202
7080433
275251
38227048
1900050
40544056
278371
22637063
2091561
14596374
16918125
1516448
2337347
1538381
35850278
2876437
16905624
2800776
1337776
2334973
59088013
2991897
38435862
8056025
1435780
3082403
6232694
57695425
9864460
27889152
284571
2128103
15943735
278875
278404
25387
13093700
9773699
1815617
160278
534959
432952
3083531
725681
392852
317437
160907
522753
1101969
361714
1195912
278468
285214
