6974021
7271017
11519123
61626229
22299504
5958310
1629258
85198
3033749
52925623
53989356
17763055
9598850
69176760
2792297
68489519
69699802
9008143
25778817
609948
33492646
54678264
2131217
6525494
6896167
51214203
11657515
5653594
62142894
45948235
9965906
9182491
18786526
63199098
60271385
24485936
8157539
7858511
31848249
56573571
30149526
12556723
41121728
17419641
29473263
5262969
21707203
9331072
346271
3430242
4815376
30127901
4408740
57471532
4077905
37848233
10832903
50154525
18698217
2848556
19056669
8682786
6749135
38349938
2855060
39015424
7843189
61934298
33670492
33478526
12086096
52583848
1464553
1864450
17594535
19485041
11077901
44545250
56688810
3833261
12047836
32769196
17239974
9628341
9852150
34129909
21846155
48410286
141841
140425
8683091
42151262
40013326
214383
38307341
9874621
2760973
16534370
27610326
27269359
570646
26527851
7938926
1600955
17735350
15933403
11199633
1197437
10667911
8687318
1600501
7076754
6710654
5361577
5362009
5369140
5362874
5362312
5361576
5362911
5362005
5362898
5361982
5369244
5369169
5369164
5362511
5362008
5368455
5368485
5363009
5362899
5362428
5362322
5361581
1558312
2911123
59101
