766586
3928991
753356
1181904
25234487
966553
50717661
24698409
23789446
5150135
53524032
207868
15215854
16908627
11142310
149222
1248310
22727673
33741575
59284958
3875105
46120936
61741857
8141985
42111980
755973
67717900
1478244
830071
8531731
285129
66348428
54481327
37472958
31880573
5286622
53408433
63176557
404694
15247820
59149282
54538312
13439044
11131645
53450295
27878570
52038930
51292899
13308113
47648520
43219811
40734801
6296370
24681945
8394903
7916605
27306050
11468489
974846
246912
