37107782
131922
1205220
1940647
1805180
664250
5974610
1610661
14716035
2924544
23206148
46356752
1845829
4354626
4379514
45618
870755
4213258
4587507
5742086
14045412
7506541
43377498
1016831
11092735
2187043
6773727
3270660
10517452
1450157
35109935
4722985
4440695
7713825
7406126
17717848
2299298
1456736
38455296
28152261
6313408
29437891
15736557
20607640
18495821
1016036
1720620
721021
22980338
66530428
930936
62279403
3819778
4936733
7958052
129031
4681291
8076969
5611008
4439700
5775837
19090831
32693238
31853583
21424051
6319814
24027706
41830198
2901783
8664446
56905145
2794360
51266245
12250602
920751
42369483
7081484
2310290
3672777
533046
6293808
133127
70222
14465967
28515017
14538702
41949295
57783846
36011329
1463934
7460806
282350
374953
4465050
44807757
5973086
2980978
1509047
8137865
200406
9625778
12178056
6661710
10606289
5370737
39696499
38610791
1074745
4139725
101630
3145526
15022736
63682207
425987
7197790
20038012
19373330
6231497
38049126
1423860
920184
7987540
2451568
9764267
2689562
324331
9482802
16405376
44323867
44332491
32859783
45924582
4224396
6624123
677374
43016255
5344558
35050044
19240145
12112070
1270175
2856044
25589556
14988510
10496705
8193209
992251
