1030422
192066
339299
2078630
29460
4084784
1197392
4546900
21286896
11415997
4086434
4956595
28445
7690264
41537
1322900
69761084
21277489
6406481
25804209
28820851
30544
2583381
22919815
305254
555758
69423827
18773353
487107
1857367
21859253
54603608
14966067
57175696
57974636
29277
29666382
50003588
2243266
18034020
43217692
4213498
53901589
2653509
29295
20687956
34017442
213696
67325134
287843
31657078
3975228
65170614
284318
20607608
2111549
3898143
33593581
20898131
1720299
60711120
42554529
60379863
3754213
9295923
21085631
16776431
43172290
1719825
1721817
11683789
36134038
16865419
32957034
3997524
8014578
1965333
21588879
424990
28549
18775312
514629
2229662
2173747
18776221
29204
19549840
13662359
1783144
4433590
2752162
4085013
1723853
4095467
2529671
4136796
4085090
23855
29569
56193
1809889
28591
1720594
29263
34151
29584
29443
29266
