3591922
27006111
5663034
7453504
271569
2875120
57920811
2441257
1413429
2229689
35667118
4521533
56415353
44354938
4261357
1223031
226982
31633616
815603
4314314
110841
2981129
4588850
6176103
15991961
38396508
118643
2129706
945353
2640322
2476758
4144866
1385181
51332
718440
5702974
2249297
10379914
10461542
221256
600597
5693047
5086237
221417
5413257
3809578
1235998
5155146
1295007
17197715
5192761
2826694
104097
4866369
3115353
4493693
8167636
6085237
697931
1074268
422725
4855677
695917
2453993
27170488
21628
2100047
20680947
1264703
564059
16242583
241437
339796
1239362
99892
79422
541298
1296129
6364986
3663025
5475147
2764708
3026352
196399
1250610
51121720
22336595
1172001
282958
4961625
7177756
376695
4141209
1342050
1633817
2511839
9338492
2506102
2621404
807236
374288
1162781
