1708783
778810
31899300
629776
4953064
28857560
6157478
5404139
7105731
2073464
50191
3323003
66072872
231939
3344247
4088652
5833393
3072618
4253542
28005172
11880358
3655274
42662676
8080230
27461090
3123581
9204949
27617244
14711684
39480555
5004489
4684286
815679
56458439
232748
554451
2757471
6053442
5502522
721515
51561089
1880961
22420622
4845018
69063846
1802955
193607
8849509
1022788
180115
4508790
23343505
7946985
278339
1384907
47143834
51348101
443624
1305858
7634361
573734
13957893
10380598
1386320
7374555
2272690
5155177
2042459
225765
4677982
2796852
48604316
121132
692081
2721336
3098901
10424368
8676675
50795248
66035696
20016618
1109262
834475
2401040
5783649
35374760
9476166
2339163
687549
3152728
7971844
2621571
2118655
16915238
57409486
17344819
9894207
1649933
5735486
1798417
6827816
107086
137874
12720172
86768
31561060
33447134
1349581
5180609
4391209
22605096
27652457
27558703
7053820
1495202
25338538
547373
24345654
4252948
5438641
14003872
16350497
3177314
14933326
5683775
53352526
11791777
11645641
720451
14021281
15867703
23072046
15950015
3916458
801134
16412995
39036301
48218977
2401143
25065241
9826186
4610039
4671433
66288158
804696
48698
41633189
27191373
5570356
9495891
16277212
3847209
2086679
11842517
3440534
672021
17808654
7831851
3891516
47707927
7795177
1472780
42421316
551156
749566
4199921
24896453
47548922
61772840
1118727
191550
1242596
13213752
12500393
10746769
3211628
65453950
2814222
1687310
3075867
11806272
17181714
29580321
2457910
724735
16957200
4821417
60107111
1247590
166255
684576
26583643
29542735
7104919
86683
6682324
149578
245293
251266
56842116
255227
5475237
7530202
22496365
59796732
140541
3710641
966738
8519268
6018493
3072592
1531553
5285815
12416183
4735655
28193731
36631592
8651833
40113789
32026
28118076
3611086
5269931
23177798
14526324
1847137
17044792
4652742
6810629
1190076
6749336
11316201
17041252
4318973
28599273
2008086
8803469
1820065
10966961
7408945
11859986
59654356
13152386
9431467
373287
8719323
45474158
8389532
9346189
41823974
1009698
27651177
4820565
41799805
19450628
23150669
34459615
16368781
11621902
7774481
1419336
10795977
14552163
816184
25645487
19547979
29761643
64577419
27297085
31764681
20175807
11424172
52463623
935639
49573903
38422169
2686457
35672432
24001140
335946
15653599
25377217
16357
641463
27373458
11118255
8249503
934817
1490430
46636639
3260344
54365878
56024411
55967568
37273115
10133573
61541487
2742278
15038067
57750591
24241152
2139534
39888750
44545250
784711
8837881
211276
1059463
56841887
1919898
39376797
44562526
14099794
2142209
10788837
24034089
10055897
15120087
8042720
31181462
21615581
892310
52813407
10471326
15690683
15361717
3730012
14529167
3468169
10672468
39909832
8938862
2606725
3093818
1611120
17283105
857762
43866088
41012300
32427138
1840936
10428107
15776863
37510187
36800652
36298511
634095
17039981
1216184
28527718
7757371
5286471
1089984
19207620
2884195
48710
3100636
617014
11647311
21730615
996563
9347216
310188
734983
9664546
2269690
10734521
6425095
12293611
5873489
11158647
10487126
7779678
1216739
6957880
1116181
1252709
4569134
2947461
5813817
2992278
807823
2138206
1806732
1995312
1688682
245197
309717
92557
