4573412
2577158
7259719
3601657
936682
13808130
3550069
2126710
8749393
5671338
46392866
53506640
294963
190820
33447134
5162108
33165044
52086436
607901
6431467
12997090
2991174
20114473
10956584
32830407
8067733
1813515
11303262
5444454
131670
2221851
58605851
2634516
1714936
2022153
26934813
28727360
8708836
2849260
10993353
8697825
7492412
43413308
1278390
52662529
1699766
198428
4456748
13637569
50799276
4914148
4738915
5230498
8537831
6235812
137735
12203211
2049869
2023223
2214070
8428878
22793867
8720354
3181159
76853
2215712
317998
10698836
2325414
5835294
50846070
8192720
9351593
615570
135442
39875814
3318938
32598184
24834958
1310805
2464858
37659240
38377491
5554252
44545250
54874523
9428826
11138964
8287892
42327069
15932031
382255
15321103
2738266
9052213
611100
9279494
46447679
2234583
7731277
44007102
17680364
45188794
6089368
8107358
19522815
1751394
7399042
10894526
24786555
1889721
22612978
2228889
15336247
29874024
5991058
6758034
1930757
605875
8908716
11625921
3847506
3330430
11468489
7585444
3132874
6151074
1956131
13452540
11443552
2977650
5208791
2414802
1721573
3883052
2786437
3103576
2347164
856464
