21222159
45907095
31883671
244355
206273
14659859
10791235
21047247
3177314
25153008
23125016
8355110
1629302
8436916
260325
50835533
18088882
6254335
29890533
5936973
11864186
7748766
27943240
64188692
12268483
10240336
12427197
11290291
14631718
2148149
27305499
62143198
8089819
30352584
31164632
24007445
46695086
16858295
12188689
30323703
3963938
63271183
16080568
5237035
20164964
5728776
32661
38841468
14261925
13064176
12463993
3953068
9125824
5843130
15076772
17875880
1904426
8367372
1752599
59619667
23026491
20726571
2049990
8080732
5259678
53048110
24235886
12216299
33883496
17760511
22726727
24329543
20450369
23614046
55045655
22211550
8547131
39548589
31165723
16935861
12221415
17299891
50687025
7893563
24454894
3115638
32355871
1977563
887688
10737371
12265043
2734242
11185483
6911152
13775202
9864100
8571572
28114683
15006127
19720021
19652769
13211765
10282086
7690216
