19155498
11145167
18823361
45105011
103449
943827
11784629
291348
1226665
1650771
22112806
8409829
15434094
3817970
56669916
10027917
5869022
17592055
53231208
10921955
1369821
69202939
27341220
6052510
21074570
20451201
7794670
23359626
1092879
28929003
11509957
57501353
8351792
7271335
7387257
316258
33525753
47604453
8171805
68846992
16426300
5998292
7743531
23049347
68538013
17903648
5365750
3153914
20034681
62800886
10597552
16455602
49012277
28106381
67204268
52659975
6467550
10951229
59305077
13690763
5817769
18944150
64214121
11364744
47795817
59182585
5566061
57653079
10657180
50881436
31379594
13759097
55312849
3742029
13630703
13274795
21878415
29664522
22305885
8773362
21075547
21031664
5493506
15756861
23204438
15607873
47157337
29376554
15718344
20935988
12927292
12381150
21297413
14763657
19079870
28997920
19250655
6121443
31373973
17301401
21007036
15598890
21422770
3994390
21272799
17766109
1748821
11807306
11787205
10728275
535480
1566563
1727572
1094502
1379099
663690
1097250
1091690
306240
