16104017
11562894
5962066
4052285
41307055
282802
63825647
1216051
4508639
764041
1339682
634097
2504306
309497
37570999
351341
17146518
1828239
5721792
5110101
8807847
20551875
9459685
5246805
35835506
706522
781109
68561290
1499055
110265
17249595
17486785
29196729
27789594
39832277
33519916
5964168
2836932
225121
20638706
33156431
7909406
302148
1623871
6411501
10516207
4300628
63318839
55891921
57969470
581031
51167994
586867
40597529
30044412
21459661
30765760
11342800
20760214
1629014
66454601
961146
25473122
1498330
22397115
1647927
19479067
3577749
14231572
4970905
9547958
13372465
16337903
2479098
29194051
27093447
6427439
9650386
58127103
11416845
20399592
15913108
28219239
1373635
17111100
41426689
38630512
309229
32592875
2096801
21200657
57818367
41439563
4053512
7302013
54617241
308923
17521124
38630998
1937073
2099507
3174427
41841058
2470441
16824444
40926952
147216
4620302
6394334
11433370
10782204
19889954
12226285
3171141
16734575
14242685
13339486
7344803
659722
1040299
1042285
