54055559
5129938
3255414
339299
2936507
217247
276988
3668073
31703997
55755145
808375
93344
63966896
630618
137735
7856929
6783655
22625329
32398623
336511
45923668
13273671
316612
151361
52145321
399830
38317
544298
156374
317171
3486566
5069675
3082659
390090
15536
5847469
50761
183010
431328
7463408
306391
11420470
631336
570991
460259
46282
2639447
884828
246044
186877
79806
310487
571099
590339
399424
328539
807913
4128
730500
472346
590347
658193
485654
486220
461152
315614
407915
365617
