4218092
17441188
49066840
3698521
1541386
40563458
17236782
10569233
48479854
19550981
275952
19265537
10923464
5228330
65479158
16196611
4588287
5834884
44217849
10833063
62155152
580246
44422927
62913783
330353
30483790
19044770
9701300
20312471
68612345
14267123
13204920
5833748
16573580
53286497
37717758
44433902
10789532
63265063
32184922
24250975
34957089
13829586
40273470
32317500
6423586
60202793
653049
14187699
9523886
4678659
51359389
13067918
50117641
44351242
45923668
15924259
15773123
39310863
352343
28244061
11928186
4326045
2502763
17048696
20739516
28014286
7659676
21757987
11556626
7014409
4251859
