38617426
50919516
68987237
6019523
12842423
10973677
4356867
6888832
3575164
7003283
575037
4210435
4672379
25511358
14415671
5376236
52921367
2298648
17182207
7448023
2795099
4344668
5524572
43448312
5138611
3605501
339299
29059226
6843324
1124284
9345673
10391213
6802642
18321322
7624607
6376537
56606
1127930
5859446
4335276
3070540
27946479
5827611
4345315
4471081
62245412
20209087
2045333
22351311
19117738
481725
58726938
43400345
55047008
16335550
4705713
31238988
25277699
202774
68571186
3082567
3848709
65090369
4092905
16542531
7091489
4630484
6780693
7645970
47109971
11431265
53641586
10223210
20761878
4311822
65080793
27066649
16653
10514099
5332551
40679290
6891352
9920057
7773758
24349940
44296877
45923668
45560578
44663665
44593475
42629803
15455167
51738883
50683102
11470513
888370
6772825
3215250
