17571423
2750561
19238709
4869702
699633
11967379
4982885
662908
325754
723107
1928279
3170070
3219128
6784132
278939
45417
1285044
4412298
5877905
3246088
15326190
40964042
68831940
1874712
4595952
6096613
32562628
1380444
329887
21323529
4208538
769626
5633360
5053404
325794
349953
22981590
8043157
4594570
46342595
36979258
258656
19313628
30604247
6665461
34541151
29263915
41414659
9801455
20581598
343871
52444180
18127586
8979021
10795413
9797409
253782
207482
603979
605205
8263422
8026360
17718007
38435494
420088
11898084
1574809
2829931
606785
89187
1815700
5114300
44073199
11901912
246317
1340088
9408788
325856
11064404
3554745
533797
3747545
14695746
341209
343715
2829805
10133246
344357
675290
1875303
16342589
14264890
1009462
12262743
1803667
1486233
354762
341079
330021
1415510
1551082
345375
