395869
44566476
4879739
32296711
41736749
6438974
18407789
21588201
727334
37687935
3155669
4766826
3162871
61030425
723007
39073390
2363426
47053040
10176075
7642395
276988
1899741
1950519
40766948
322845
3423760
8140085
3421206
3973394
7603422
1392500
3375543
11397258
54802428
1061358
30224916
18523579
18587483
893605
17394309
69497021
36614776
4032343
2162458
32525413
2378673
8354097
1003699
9502082
899431
2078748
17098273
32453481
29328588
55168675
67678027
25926860
15581149
4277809
3465767
614517
1607230
44797708
51196903
29099365
3661015
5349253
2077941
10217266
3798309
7414239
17786920
2319393
50931631
16667406
15993236
14749187
1402642
6979245
4521229
11264630
50896820
1950626
1953262
18792178
1106128
9274127
5074533
67243637
3168533
67173700
45674452
5506320
43939602
32283482
37154540
65874431
986930
8874279
20716256
50086757
9200462
1957474
6017764
19587901
4566736
20077938
17758997
1418181
65845245
53722811
7408396
7622712
759535
9266789
13380077
22935858
3334030
25550663
9877135
64452077
45923021
63941524
29721458
20423705
62451560
63789111
20151496
1048894
62553216
3775140
16194867
50785632
36745801
4125293
62101221
6356285
2415931
48384691
33998070
12884003
7402364
4844649
13601864
27251071
41158067
26668621
47688015
3681802
59748435
5928244
37581015
59410359
5318510
7082370
8254657
7515256
2739351
57783114
2269778
2414060
9917243
14206905
7629698
37543681
10292771
55330629
3237944
53398868
26916919
17380998
10865171
10936998
52240238
50974810
47910901
35756635
13211922
18483209
41645719
47432579
35272586
10009054
44156558
8453746
28705537
25771538
4103870
17370127
16096622
10369127
36315602
41322832
19951610
24545741
1432883
40875138
1379326
40479267
14529647
9016321
38038852
23528160
8014721
2212904
4986277
6410955
28257877
15172486
852582
28783590
33307514
12145390
7493242
32075958
9305086
2211796
5291268
19518176
21087569
29819370
7899156
8667565
29017937
5473040
15641999
5775359
27274281
26934389
6425090
11243534
26073809
6866909
3512932
23393121
19897657
20439195
14591017
22574626
2217870
1122889
19835493
13902510
18972651
3270049
11175672
2126561
12621628
7365751
10479897
11390407
10513462
9671532
9303767
9302420
6672209
8987405
8223661
7809918
2411071
7558809
3763158
2281658
5582811
5995536
4626388
3752542
2665331
