3270933
15519665
7278834
30281718
64963943
4728167
5913915
5589800
166957
3947630
1852420
1769740
3231434
19922764
1700721
19789420
2204187
1016836
7127114
28500669
43556049
4730640
867070
19789110
4872480
65342596
4889652
49568414
63274490
325518
7170863
4751632
6118629
11570482
4787237
1473262
5409776
4928811
4730571
2028193
4011485
1764134
7194588
11313774
42576512
4730573
6224729
4734436
4740004
11038409
63424276
2048799
62289693
21944296
1020661
4729780
8021990
8039820
16222476
4729367
6813494
11372669
2341426
32093141
32475155
43008366
5891755
12486850
4917054
30191460
4899996
5222121
14851025
11343367
2136226
3131899
4733210
8758722
3297835
4729642
