14580644
32152547
6974651
6139705
31185595
12737718
51533710
4636898
3144784
4556168
1292670
12663637
42509095
46603326
14394184
5985924
5145305
9899435
46481492
5895701
6271483
8371821
52638155
20868718
41779010
6369902
53214421
30733734
23751210
38691085
17719767
42774819
35632117
6111245
52702788
17400992
60659223
16508757
46072849
24432341
3753998
68275224
17385262
6920148
35369542
50735517
26217532
12608059
4926621
42329338
12321997
61457744
66515483
7422141
27430011
68605071
59044327
26621430
2645809
8445639
65350722
44128558
53181146
69381430
16074337
12684340
54191599
66729698
4036773
62693506
1790130
5037036
9431018
55431474
35480837
69185902
11135798
63226786
13484271
42835686
20197555
5325701
59693029
46215999
49833685
56266833
10196655
11799565
68511364
15483637
47988275
54784107
11357298
61816119
68314386
54214727
19978170
49379641
49402498
6200086
65718941
11061724
49401019
1722249
21640445
41623195
10586783
60744759
33635380
47671398
59927896
48542156
48087726
13621009
64962798
21872948
10470786
49135978
18275776
44311912
57983618
8689005
60124972
50794696
672752
4661396
10606867
36517706
12597497
28952101
51322596
37119985
60991173
61671565
58598522
5487622
40669143
47471548
60952205
56058884
8924517
59318048
11312250
46352309
56927959
59098168
17401110
50156905
31932760
57214511
21203001
56448190
13533244
18790201
21935462
16214890
13466226
24752514
7613665
53479340
52556495
53377601
15182105
52064027
32184280
17456950
128625
48514910
47934585
954132
8406012
24890376
28512111
3596311
18909992
24358158
216821
1214126
11354818
17275662
21113685
2386735
15872880
322459
11654629
11067370
4067669
4061570
322230
320323
