23239965
7858350
4634916
43256276
23142290
4389435
8919274
26464913
6399222
65317120
1960904
18505606
17762035
4956745
7745985
68923754
41134883
376534
3712668
16007845
35013038
5148030
36606634
51372477
38017938
64883114
2593126
9666081
65736755
19472878
13401776
10021563
37273871
50944791
20476125
11583016
34715525
5621079
68919739
45096882
18581105
60689755
2993916
1247
15812607
60123634
57621307
10986129
45223731
45517210
39490581
9530573
52065833
60808990
7002459
55214431
62746771
3373870
66968771
18194264
64736969
49638571
8777229
2929309
21149298
66887096
51345599
18620858
15472653
28654819
67242384
330420
52458369
61188141
18323094
16475777
5590291
54845626
17215424
14257143
16521474
4301856
3811463
29168498
23012327
20115814
23037920
65994054
62438647
65739639
19472673
40166103
23878644
10361559
23703522
59050360
25138221
2602407
64663732
63261183
63708527
63386555
64328185
1797118
33018480
6039779
62526552
8680193
201233
18922667
13312451
26087414
41095593
43968284
22919621
30703884
49176179
24488991
54818454
10092816
47645493
20484847
1471461
1730861
16040345
59965438
27310466
59843144
27471707
59484586
14467871
36774698
49265699
59044064
43384027
18960742
9659945
57911372
9909315
3232202
18988983
38556681
3498659
11850627
56826725
56439526
47463975
35282119
19998254
55571165
11863970
55385786
20090083
23478508
46808821
15863650
54019732
51810966
43190109
52314296
13051990
19502883
28053002
4938556
38267745
17053241
43953284
11658747
47594863
17999675
14419006
32090527
44738646
43454347
24076076
13826201
38496789
14088545
5449270
2328689
39375879
38772191
3606937
28581810
5120398
2914862
11919347
37146231
166023
31014498
4347422
10925864
2260030
5018137
21299654
22393322
5968958
22102632
22243064
143574
10321182
19373108
13446154
14085925
6488292
11398184
1438109
6137498
3843601
460259
200601
2009680
400698
450916
1166324
323330
