191623
4813970
9216734
4889116
37437502
1852221
4761577
55108431
1174931
4738866
4880262
4100703
38654083
7281664
21041911
952777
7460177
5096487
24219548
10929725
12544054
1993888
1876182
52214988
5808013
24415929
41310299
4247347
27483992
375752
30863
7445868
27655215
3302740
2829943
7015915
26934813
258405
35361568
43119507
23299873
10704807
1441470
29837153
62947733
22549659
1329733
333473
4788715
19813627
15465116
6201368
38063403
39466113
12337877
39986897
15855118
7856321
92104
3146164
23321304
1969011
6804496
11235887
32209320
63857641
27481819
1260476
60556856
30976013
1752221
2383990
41595057
18429912
18255279
53529262
333530
18277592
17112836
8252777
47830319
756575
45511673
7730796
23685712
7696441
42687623
9975258
1487332
37192672
19788210
35428840
4821614
34179148
26111011
15547539
332021
9934933
9299890
5537546
4976256
3025348
1401481
1259742
332047
334422
