28671668
38129707
28942838
69741168
1206196
5068226
13839524
28285841
39976131
8499642
11665154
8110331
46758621
13974623
4943682
226577
68434978
27460419
134476
5360875
37229901
1610263
36509166
7176885
16828182
36687463
1307576
35089258
9102457
57038245
24286609
19380697
1952703
3095554
326416
224193
15935507
3198999
322260
15114767
36492240
59180735
22762124
126796
8904999
19642741
9589186
27010124
50166802
14822048
47552366
34472281
11561597
1642822
324353
13835918
35886223
24068920
948760
14744711
16375380
420054
326489
427902
662332
1311382
83426
