1295673
3675162
19089850
4224138
39578321
56813692
4932059
1448404
50833262
69046339
1724226
31766099
130021
1301088
125292
6152691
626247
2359207
1450242
5192641
4679523
1008175
3408169
3466173
1335830
2634051
5507482
6587397
1134682
23665179
1052356
19400599
1224565
4886171
12074904
10114036
1654089
63507203
22694507
63234700
1238293
4628719
62390934
3193622
32266089
18164513
63850370
1304775
34508
5891959
5264736
68529141
1355365
12351786
3882528
9423950
12680393
18355988
1397317
67037314
1141085
4465953
64449144
3056518
24876647
1295016
64011699
6583572
1153153
17483223
12314508
61670754
43232504
16886399
1281046
16539854
3411752
11392882
20063790
54327134
3025590
15901934
14303272
6782065
16069085
11431302
6779981
8148295
3256324
2923620
11261667
9326935
15902213
5779824
17482345
8991254
8545580
12434473
8054700
11194897
8878794
6696215
3365840
7064837
6792275
6611883
2949516
4743341
4112683
5267835
4769008
5262863
1332499
4743678
2890549
4548728
4688236
3033180
4469358
4301346
1142489
2055253
3559397
2964308
3268150
2960823
3168142
3005232
2960646
2929725
1384235
1196432
1295926
1305292
