3409532
21443134
3675162
2301634
17234511
46392079
11480434
1724077
17890982
7685286
1984986
7409034
22397082
18330785
19618943
4840690
2924094
285712
40354620
6506321
2106072
10644511
5752015
13262195
25064409
5766548
14589283
3728319
1147841
821228
817704
10134706
10634099
11549899
21855707
4598609
20816375
16118052
19925004
10370110
469505
6994914
20094
5460724
37882445
16122513
10641069
6505256
11038020
44383268
20022548
24736779
746023
56356686
45560578
10930950
31509138
7020111
46097856
20712494
6203816
529003
3723136
9482397
48872723
15092792
3892565
46029560
3725721
44293103
1329831
2840390
264543
9433213
8647263
16108429
3793117
2990301
9128712
3632924
15347816
18553217
9709077
9257806
1878618
16765973
15633336
1009462
10537035
7591364
8789897
5812494
3728179
5491896
3038897
5464787
1210512
1824477
