5939853
106536
19388155
595552
17661178
1077890
10769174
25992887
26441592
17171918
28453576
25097137
9065289
10746502
2872388
1182761
265160
6813877
121019
19034801
12281575
6493632
16028716
3112211
10013087
6525494
2236824
5930370
2216766
281869
203058
142519
1802749
7255985
16439372
1460902
2770458
11635067
414846
8222218
8940869
1273300
33611173
39722686
8336869
5867918
9679503
300876
6981190
1255078
1331499
126357
18769090
9064603
31357246
5661652
7479191
16467362
3579049
24509258
399794
5757324
17860013
7280826
26194758
22018797
4782653
5888219
337270
11512855
21021108
599753
20918728
7948006
17925063
12458938
1124822
22443710
2217974
2843180
15665583
12470374
12324775
2563645
1286562
1995299
5220438
2154824
476918
1621384
1292127
729655
651348
437279
591624
