673557
6257859
9783165
13421112
8928277
5971628
336496
4239135
20008687
638608
7070593
3115956
3602618
37947708
4263667
1617081
4901122
5309165
15952067
2497823
5452632
766282
4663673
13820884
340428
4940759
2187884
3891953
15875160
3335221
29332753
10984480
1006089
4608221
15950626
7376849
3952122
7387709
3020377
5056985
854848
2832942
1736146
7299073
7560778
3410361
4902013
8145353
15961052
5153430
4740454
7147930
4743605
20517720
6645979
41894924
13902222
7355910
3669123
3013997
4622349
8563275
8416512
4572514
3889042
6373807
7200510
5605419
3131288
4569921
14127749
8300774
1006497
69309586
45541514
4782050
3778992
7545925
8869825
16201283
13826431
4697566
7589817
68109746
7699384
59704786
14487347
15236643
3110209
4789964
46311897
62483102
1871737
5487184
9130936
3504078
3884085
4744491
60643782
2383520
2342698
3116642
6539309
66479028
61382180
15592293
55846924
45968710
47442027
9738651
62288947
15967489
15895745
42949497
7270564
64139864
3048640
3424592
291255
16120115
3969146
2804677
59926248
23555847
152054
15948677
27719509
6544604
4766003
492593
232817
3358934
133926
43570844
55791547
4764868
62386210
62125350
8082716
56723028
8011395
5979680
4751462
53124551
15998159
45924582
3112268
1006833
50606008
16366599
2328970
9129640
15947810
84908
52697532
50457947
4608629
47324260
15952610
4798053
4734328
1859197
17795299
25644573
43886933
43018939
5852715
322476
11798283
10955587
337134
36391325
12318899
35354232
13271334
35140328
3547029
17392229
31249529
4501711
25028787
18653290
5141298
15811852
16649232
199687
3418144
18258721
17712947
7953957
4938821
9226898
4945566
3428201
4765913
4958375
4964030
4938981
4938986
1355366
354038
