69892042
45710184
39782359
19784576
3807982
57784876
154338
4038950
349906
350432
107689
1253300
4630667
3082134
353910
4121400
32384959
23366099
10447198
17726264
14060449
1129398
19583927
20286120
5749406
746216
2725402
2880330
13348689
49568059
4521498
28985965
354897
6561637
44383268
54083883
59569185
9341598
11257452
19462923
19410778
46445709
15309082
16541782
52872425
12291286
50312617
43665920
10407911
16465406
11243809
8405449
10613594
9729061
349798
369098
350675
349911
351678
349383
354816
350476
