1305908
1968987
14715922
4439833
2485406
7178628
5081412
13924821
907075
11226415
2059603
56680893
41575310
16095728
933512
11159780
5828641
6481515
45123698
27451880
15534875
92097
57588636
8449435
34899751
12677163
4596917
8839325
6212284
29590769
12712425
18941158
2346275
1921317
51407966
45300361
37991192
20231479
28928343
10524971
858251
16094717
10044614
43186005
39525720
2954000
7910189
1650635
9549288
47185200
16172912
1465646
44306270
9492121
11685317
321868
2682512
13462581
45977483
9420079
16026549
1458263
4005766
29935419
19449495
30849458
30020971
33622669
8001028
10033235
38621004
1121085
3151091
25303699
607673
21187247
7521138
2378244
9996355
2243222
269400
2347807
1078469
