10225988
7556064
22305761
10200724
22324907
65400873
8202760
7236883
22289790
14071080
2310412
19812312
11480324
7212578
3442182
9434772
9925079
12320849
10666935
5210399
22215745
40422053
26162177
65442305
32511168
799694
7991016
29275275
35217563
17832232
22119612
1885195
60465958
1994123
14895787
16188250
69076472
24025255
14572259
6657020
8772022
17267631
8180775
31448057
6788216
6188697
1697185
29749280
11090432
3259973
45146201
17886396
2729231
68640149
2133652
67357867
23952362
3182079
10166787
25187040
10203487
2221837
31479056
19131962
12312721
31316944
29223646
18848197
2488910
29295
63361414
13778644
157867
5015648
116585
55062898
52171925
28041576
2453855
16471536
55045103
28673257
19807791
18955808
67024373
28476324
3427710
23629930
29010446
30383284
38300675
1491751
3293657
18857179
65680144
2046533
13235095
16835808
7022639
1007510
24566975
56536241
25081497
1706686
42318810
7632147
37844295
11706626
35797463
52589524
11016986
54205296
381549
8798636
52253413
8760709
52284543
345339
3845017
33668668
4964515
56235198
29533
35081812
11740400
39609375
9529155
59386181
38480777
1712763
1892735
5065474
1484151
2428475
21209060
30018601
2293441
3310027
18011460
18947184
11297566
34349115
6455251
55744235
7227222
38480040
4602716
11809359
33457609
19717407
3191942
22003734
9372031
1263466
26964874
35478612
22839154
33336164
46355
1444874
39691193
44833260
116036
30241
45271446
9787668
43682647
43250550
296090
12940831
12719780
20007644
12534637
222873
431903
2549714
108234
13283813
13775306
5004886
19126780
2074297
1342209
35883979
36227925
1778818
19414047
314002
32747372
1449859
34159026
11284060
23227243
9618756
10674424
95590
10654353
10665872
20432321
10292047
2158203
11441958
316419
22506008
18061167
17458753
22103118
15007717
19905050
2419637
2293737
823820
7420065
8385785
594187
11747501
1198969
8066886
2158430
2892670
2420651
4839938
4728747
2453883
3199606
894581
1690339
4878
2979075
765512
197925
578997
560423
29381
36676
