5248695
60536240
40184570
5659078
69284413
861823
49861253
14236532
8975648
262297
61950807
1421004
15578643
3970858
36987848
13151737
21673489
32405126
47867349
4143416
63596518
6409154
7807770
40658674
39311026
7305803
17788600
7931352
34705458
4076005
31845389
15449484
54447890
21878968
4812908
8434313
14945403
12752589
9158026
2302524
7003724
67929725
41707851
740149
55717
9396008
31473200
11999123
7347779
56344192
12605463
64919904
16913803
19326143
3832264
11076820
4371651
50535727
53494290
12701192
3127985
5547191
2732896
13285049
38478432
11858991
8843722
49954
9840292
8532984
6279397
10681906
5160267
6431916
10338947
2173192
11283877
1546129
11779277
11910980
7809772
59655
38097
45827
