44218
5253785
38392
16059975
45006
5224823
5300365
5276204
1393191
53031138
5427149
14001435
3348793
41767362
5743748
55048442
2691295
5238423
37642991
7881793
5229326
101670
1229019
1389748
1450053
16287453
1805075
780603
3269646
5810110
42638574
4867502
2449271
5610133
4537004
2071060
4728718
4854547
554401
4593838
7445842
1686336
9740056
1787718
3968948
2228670
552575
4203830
5157918
6717143
22667446
2485666
3968676
4749075
5393057
2224905
1230567
4109264
7400319
648572
2177891
20888637
6109294
2352290
2598580
3098901
2355078
2613919
1120366
2670408
4470114
5778305
8076969
3081297
35235315
3840754
6991823
1203401
11145789
2045333
13504348
1228977
1229652
1229271
909083
3789445
1098216
4728180
11180984
1868655
9374686
17199887
1805180
27391140
772448
5942862
64178270
65006054
5735161
856290
1548492
812792
68467282
47868173
33565696
24637541
2310290
6809138
2167401
1242863
5650197
3234335
2078906
2870951
1987170
4610234
183308
3272054
1154130
41529510
3848502
4034296
34179195
33173170
17526724
59638800
5740826
52729577
7657773
1229276
2288853
4706266
41354412
685095
6885987
1260938
2740342
1930204
4446517
32373190
3386497
21339835
37866
4475725
3490651
1893962
3499864
20936006
2743762
3359801
1413439
37429622
34017960
1925090
30606021
22054679
1229058
17378665
19183048
19319862
8491232
5500811
17095971
1041843
44011674
6668167
12344463
23692038
13202914
5640195
5280922
5687406
1111099
5683727
5646222
5707920
3930621
67487065
26547771
3752011
1233458
43725388
8491326
65343285
4367400
29120815
3274994
24365410
7083149
44311912
64603229
4726115
7274825
27075465
4474442
3209869
4088526
1141340
32666418
52396565
62565620
44268596
22521876
10163218
1652081
3144284
5041820
16900816
39556787
37531491
54091983
54723094
43511930
54400221
46927756
54539361
11884100
1127174
3292803
22897797
54402617
44323867
44339929
1676411
37177814
45923668
45924582
44593475
44575573
35977501
54593263
2437396
27431935
57670573
36762013
2399127
43536207
18930853
46843944
38334792
37094658
37808507
54630134
37835430
6478095
43420334
36903542
12268287
8861486
41221310
31040555
51660891
35845314
50118308
35668390
47169621
635803
542008
5551814
2949263
5173874
42129459
16411595
2839648
20074213
6631262
38426440
37148172
3269633
37250861
2253875
14102528
36282631
6055041
34957643
505268
31580716
1112730
4348589
4143457
3596225
2229662
2838936
3883745
15615291
17166410
2156502
4597994
1228941
7253857
9479374
2201899
3789482
4094596
5299788
5476993
5101219
3938465
3558054
3640412
1782359
2452605
1442326
2125174
