4870445
1238273
2990642
3113268
4193084
4209028
5253785
5324453
7602413
15012065
20825678
64847243
973990
1585205
1646176
2080218
2237173
3725822
3920693
4365117
5894465
6265701
6926261
15541140
24180590
32760730
283014
4595308
4738809
6185442
7365405
8943230
10445368
16059975
193297
886675
1281880
2514493
5720805
7212097
708022
2596323
3680008
4605519
4877713
5862823
7247811
11382577
32441872
1160586
3927326
6237864
23385697
31026663
136522
1956959
3046196
4025406
4100763
7089236
11855472
45618
243419
292019
1848162
2018505
2947816
3427339
5903843
22686918
2832635
175635
870755
3109377
4239132
6554
55518
2786378
5810862
6014919
12292663
14324641
1019174
2899659
4594312
4687798
7044614
7950608
44824883
14369058
1
4203186
5300365
1278130
7155819
348979
1663974
4375671
5427149
5476824
10021388
29384668
969371
1223383
2184487
2341079
19262650
2342818
6915268
4395616
178598
2397753
3395287
4088329
5761094
909475
1006319
1255470
3047454
3786821
10955402
3165683
3387169
4514958
19423103
4514958
19423103
3848116
3955686
1177534
10212309
3400517
3606833
3844212
122647
3381014
4581159
47787416
15314
20229277
26852
1573416
1969584
37642991
776624
1313648
3904874
4755656
5683116
23949024
4916588
10117401
20876630
31567333
1344605
3446463
71420
282056
563416
4496711
4764034
50448
1642452
4948043
31922214
33912308
2521025
3960186
4087151
4379520
1229019
1389748
2113805
5098369
14793645
627764
2656428
5216713
84023
2556182
27788046
2826161
3947006
11685661
24257479
3721849
272909
979193
9369133
300248
4253161
5129938
5405898
14279526
1805075
3010365
6050552
30416437
5509823
4463850
9076470
316102
566577
5340638
2379613
2926486
327853
725135
1259216
4231520
1669785
1774372
183865
4333914
3122948
40276002
1191275
83157
2751946
6048236
15705787
44012013
825782
8933244
34698659
2456844
2732683
3314828
6139982
5322551
5611787
6739891
3598126
2228454
3082647
4686882
1455178
2816955
1952643
3644378
3846340
4958972
5428456
4453527
34132356
4429497
21223674
917047
3283449
4943455
35740838
2480628
62511374
69246773
2441461
5246009
3423080
339299
9142307
2478293
2965384
16824406
5202186
2449271
3838893
58856723
3188476
1332214
1036893
4725472
68112032
8849509
331867
1438175
2418140
5051422
8173683
12071773
635132
1349225
1679084
2581564
10428438
5876348
2855030
5903197
19181304
16535552
1453376
1454379
7195856
4475398
7599289
17331573
179852
1166369
1213490
2908629
12580514
1184458
2924016
2997696
19389806
2999517
3861838
4296642
4622890
1741426
2207146
2190708
3888591
4936275
26565437
1874870
6542967
4643325
2911683
15055195
52226895
1807774
554401
3080893
4629309
4207930
9002621
137418
3005434
5654444
1006428
3155431
8293809
46912106
841891
2397172
35342421
203464
1179650
19705126
26601208
8886360
102611
147582
1160349
4300749
4546089
2426157
8147367
1771463
2411654
3232198
4637861
5958574
13702534
5116734
5974943
6720292
2967441
3316735
5156130
4692494
4735857
4692747
36022092
30535238
5028475
1714598
3772786
9920233
2459736
1283483
4417527
2347586
30413872
1318962
13374703
1571361
3920522
1890837
14207891
4560027
4426970
6193631
870356
3699303
4778983
27340731
37427527
1550301
12831681
4026072
147433
1212466
18495777
565673
2747329
5201329
2988543
8748649
8960275
1248236
271580
2475981
3585003
330479
1359802
6699202
943364
2239361
3990233
5369300
20159096
5610096
5691901
23587391
132577
4972687
13079659
20035507
2824853
287783
4800750
4713174
2715053
579064
5945231
48457059
1379179
2432267
5508173
2153567
988808
4309357
4857446
5473536
22667446
2954184
3010986
7377211
28379554
4476326
5671265
3452156
3359770
6238978
30312141
43957797
6595648
1672
38454734
6313408
4609933
2891422
45437
5149979
14754912
3962316
2663609
45753615
8744971
4340794
9582057
2815673
958967
4820127
14506770
1940550
694362
2424475
4131008
5809378
7218411
4531733
751443
729577
298263
5451312
1333691
1398404
3243573
5017802
7100720
3020662
2807605
5178520
30036140
16628930
2517163
1717083
2251533
14395716
2898797
3878731
2819681
152979
1451884
3078281
2756536
33014845
1676054
2533664
4729258
1360862
870152
1913273
2510203
2224905
574163
3071833
3637151
186723
3078251
1230567
2566871
5017416
5086497
269680
1206366
2488873
17121175
4477360
62939
1071692
22837131
3417675
4369886
5576170
3109223
2682057
1078432
4084162
20210983
7814196
654176
3891953
4992372
4107136
1090620
2659749
3952716
1697883
3508678
3899758
4115329
2661393
5971548
1420459
4291941
4670718
4664012
7270035
1276545
2465264
4366550
1790150
85565
20888637
1760824
11397131
61222759
771428
1378745
29821575
166972
6109294
712715
7136102
11478031
281695
12842143
2169821
18186343
2142927
215390
6609041
48063
20354973
33585135
4381998
4700610
5839835
2039427
2863914
2763302
3759334
3526485
7132474
15422527
1206464
6252897
2613919
45239835
849756
1120366
1570669
2167526
7185526
27867994
5109987
1603234
2393603
5274619
38655318
4470114
949843
3098612
27137
808005
4539054
4790652
9198006
646388
142837
44052251
4529901
166687
348663
4191227
177370
50226134
31778509
722930
31002934
249156
8016541
49551267
4863544
3569880
46424314
3751515
1268379
1256966
27498888
1450967
4389435
656888
70583
191774
325004
4451948
15005782
3819184
1539568
1756880
1788337
562534
130981
169243
8432305
39296233
5088752
3180699
5147242
3500039
354436
4860211
32361803
7138891
5954913
1204050
4922852
7552594
7818628
1330745
1368552
2241242
1398199
872245
1735709
10122606
699633
39785006
4515123
2880970
19898271
1844218
2940273
8872558
2299063
6896862
6981505
3917371
4328680
7497139
2544949
56292316
5289538
4988520
12426887
4497229
2585455
3095876
349292
4034929
1972427
4847565
1119019
1255781
5363998
983488
1836077
6611132
6193041
55147560
1779005
1779005
46049531
6037614
5005999
4579049
5754884
5681607
2100965
8104591
29772168
4997310
68766301
2449764
14688113
3575760
184795
712441
4486043
2501318
2911480
4510816
4795018
1273894
951142
1125607
8591103
3893980
3479362
66038
24027706
1174962
15484054
37196
3724291
4450413
649244
15930380
6158125
395634
5015236
1200443
4610892
51367
909083
2624149
49149644
1514347
15849662
3184360
1098216
1146888
217247
1787248
148356
2832942
3826800
34811220
4617137
5705200
110841
2242527
13488117
4276122
300164
2461875
4931001
7611782
36334103
168143
1008175
1475607
2655813
5715343
16826761
5993495
5348881
7157607
6503929
6508739
3146317
5162389
7421628
2579574
3264162
6939906
1050198
3102356
4618723
8060819
4688669
54055559
7801535
1779180
3871865
5177936
4033116
2637234
3553381
1013412
1573984
2497528
466591
4652955
1082192
1537486
2679575
7213713
13992137
4358851
3195690
4392309
4374666
4588966
44398
46830
8866276
6085792
5448340
3136266
4277655
3257074
49115230
17882528
3181817
4911821
5589660
1114625
5916992
3340013
4588567
776145
2260067
18012987
2218373
7119280
100158
3100662
1139772
9529085
4682983
1173609
5927594
340555
4370262
250195
3129065
328833
40953326
8721002
29475897
61703910
3613683
3697862
11771617
87700
6084134
5416754
2179661
4018343
2747546
44360643
84762
8174977
2681812
13547723
3921293
2987255
32911425
4787749
5199992
15697
60617
1907357
1816075
1867119
4173593
4690092
3547382
5241034
4827559
1216385
116054
6603759
3619601
27391140
1842155
623904
4511366
2894705
1513500
3948887
1405175
3515395
4751916
3974137
15334733
762487
813351
927414
30925538
56105012
395038
2707131
1618611
4660110
3919113
3418486
13660642
14351728
2970538
2542629
3535125
4505096
1143268
3444927
4836741
7843888
2792769
4845462
5401780
4825505
2873133
6120957
5040439
64178270
47814423
47814423
3744264
6532417
3820027
40845139
4166348
4611917
8001805
2452954
651429
1965551
144579
5018632
25569734
10410676
163415
663291
1824699
138600
2310523
1012011
4867814
323130
3432798
28754209
3323147
602337
4159102
2310105
2318395
8534197
3691163
2490023
1602827
3528841
8153868
1064644
1311022
4351468
201749
832272
7110340
838823
48146097
860976
68467282
45128
4814759
25369629
929972
1392853
5530391
2009760
2996373
4836695
67408
49809
48775224
4208579
1847702
7709301
47868173
1205258
2338568
774189
3563461
17778502
2304073
4631464
2269613
5483721
5537482
3848494
7738941
1248032
3205057
2310290
1036930
856273
344179
14876665
2045153
808806
3623192
3503667
10067939
7757233
1242863
4525077
3566177
2527602
1248980
4525946
4177883
1456538
20941545
5424475
3558868
1196042
832819
1378457
5530091
607994
4108339
5814520
3234335
3801154
2378371
7040900
4894302
3681051
24258530
2122542
4860547
202754
66872401
6864850
9299762
3700556
1871682
6586645
14684643
1851338
13594637
1296118
306332
4285283
789908
4991409
1282458
34354125
48134006
3803285
5074703
7383464
1773381
4806425
3238772
5999504
19889843
1301881
178539
1477945
6145037
51873
3042821
2171393
1234345
33980244
1771477
624463
271083
8732035
125312
4572514
4554834
747347
1489461
4197240
5072859
3203625
4164389
43833428
3782754
5440683
625820
1311247
4218018
2557947
1421047
48318342
12842258
347177
5855683
2957028
2485186
2902818
25344659
168474
2130213
31235711
5171527
3065547
3082567
1806930
12422704
3864530
7359628
68980860
2924094
6079848
3259717
5155001
13112724
2231443
1760640
36011329
2700750
5117678
5164965
7356696
1697994
7086005
2525330
220216
1266582
4675217
4785338
15604139
2741615
1494832
4054906
1207138
3853405
2794969
4349493
954688
1721834
1051990
4936938
1203566
4822436
2578586
3888188
1363095
8256488
7730221
29862421
6336468
2886485
1379231
13944176
4695
66868968
41584
5467287
7304334
2653510
1471564
47547260
7532798
3976453
2907732
2845268
1128382
14037513
7998266
1794643
45087
35033846
126125
897097
664910
8075261
3736013
3832471
1242515
663472
23174117
5594008
5000292
35334399
4782050
1433723
2854516
4549277
10407130
731885
4312956
320190
7622853
1441005
2313415
1189182
7448963
12501068
20825315
1121882
14058695
4589861
1644723
1812013
65386301
65420281
65453950
2773840
5931702
2267394
4979538
202396
3443893
4735441
2455379
37273563
17785098
2160486
5352718
6582307
65489504
62267271
2104354
1957771
1054156
4661252
3589919
15221082
3605414
12863972
30700093
46571748
4793021
4474927
22881370
2174645
989632
3086983
716985
4156703
4270523
1740203
1269880
4605035
2578792
1304022
31465458
4393592
32373190
23384901
64597091
3464814
15114649
2139555
1807401
3140123
3962304
62040169
1271120
26934813
19395289
103810
4031642
6708954
6894985
3173477
10032117
4374852
2738571
3063643
175805
1507606
5483155
866466
4992166
4697710
151949
12242673
1375826
13491192
25176314
18638977
2234964
340819
42725278
5824447
876589
282443
22615335
2442324
2496802
15993629
1657504
2080076
702845
5206501
1356696
7278411
1310851
3061033
53070628
21980820
4666367
10910466
391301
5468759
4998736
766524
45274337
4557869
2378230
5134327
3514634
4989121
16830726
4697292
4806641
1073454
3090457
4934959
33252702
2379145
1940944
7931851
4098485
5635267
4931559
4479488
1413439
31074348
31389542
37429622
935423
26385783
1340415
3118046
1608612
42116655
63444
5288065
12981443
20693085
3164732
5511484
23075810
205942
9101209
4956709
2229437
1146778
14649015
2525839
63270712
39544
3771440
324872
5150611
14715747
19464875
21625079
4093582
6272051
4832951
3482614
1332245
64120364
1340499
49805025
2102154
904843
2688538
1143572
16021168
5707473
20974850
20605775
51412447
48379852
7091318
64480768
333583
9735724
4200348
3209098
745303
1773460
715583
13112496
1611771
30606021
43902311
40519339
3781249
2953794
41218626
5530852
13328028
2529662
3282664
4096656
37775661
43997588
2093568
43965394
7364000
3186305
56179032
12572505
4438167
2095554
31120970
10955058
2561270
5865616
24822447
1462689
5221985
1229058
2479346
17378665
6634653
373817
3143684
4180417
7106184
2553497
6085682
18231342
2074212
2807469
30262072
3856483
7330196
6156928
12500174
1810146
5488441
30865718
3485629
8198680
5847249
17264739
46509970
744537
12609784
8729833
1608966
1721209
5431217
10606289
844127
23046215
861035
1267044
5516025
3811951
2597509
18198225
47734254
3137196
13500860
5146963
3783824
65085479
3179821
4424620
11670065
29018787
4734060
98872
5532804
166440
3989490
67857409
5360143
7115280
26430873
5862584
27546936
3977662
3989689
5507873
1742270
25634126
4970561
5362584
4411850
1021324
4976749
3749997
4015905
67628004
17095971
3896647
958501
68459041
5272787
5879512
5510783
1147841
8157458
1041843
5318909
35356590
60778156
4233383
1668830
5448974
4993654
4469072
14596667
4937948
14438005
30344065
30475208
64862854
1345003
10200884
4119908
3006047
27893404
5346537
1032218
6637365
44011674
23662524
35312301
3381656
18900626
11567545
7626004
5967373
23692038
5361168
825551
14491005
5025810
8538929
3106051
6514081
496363
3372416
41207263
36845528
38262897
1859349
5827458
1627531
25237867
5897822
68114132
1981231
9201579
23172375
4897902
6331326
2426901
68072284
1720399
1403981
4662818
1640820
1065747
21807735
30816376
21191529
15065040
2213786
5958590
1863989
1977794
4214589
7043746
402939
3496367
1652442
6386015
15764601
12599514
4468435
5021418
4853390
5111576
31320906
31984217
4774246
982587
5242888
2497490
29041444
31316679
40674075
1425109
21085516
2266523
19327721
2048132
2554043
46555921
31079120
21264985
2332681
4691434
1742630
2095317
2026899
18331264
4144897
3010478
3098872
214053
138503
20057110
4770373
5168993
20234554
2350117
5081205
67487065
22763864
1118045
64198509
25537239
2315990
4535787
1169299
4171504
5945439
3405631
6924959
41783189
11203061
3336922
4094158
26547771
5336035
165670
4345515
6172599
4238592
3276128
3188521
4309900
5455215
36159293
7941711
1017883
4355373
5651955
4789125
1951741
6102400
5846811
6423907
3108302
30791922
29838444
134735
5373038
41401934
34680090
1233458
4790283
1832464
43725388
1050454
42592864
4666874
540865
2360461
4532913
1653039
1263945
10768144
2774730
733192
2535954
1368193
13838475
3395007
7740818
47703297
5006984
9151105
3930940
4953698
4846784
25037225
3629263
4655436
2150074
4937991
66538098
1846361
66638610
454255
5612096
1275546
63616096
735341
3398995
66573915
27037114
7576373
16277572
66537766
3564186
3088587
597592
1127709
21624368
274344
55194316
35399742
8010027
15236300
64746980
62149616
6672069
4678693
65396703
34956458
18362055
42127613
63636506
42965427
4587134
3836414
4560664
11765303
741892
2609109
4005692
7179945
287853
2002177
3349367
18708154
3335101
920184
2817658
5237066
7330773
4609656
25639588
4177081
44628546
29120815
7551894
3489293
49011812
120663
5184861
285033
4952567
4308244
3765269
10000042
9062667
13725433
34187770
146623
9911577
53944785
5089386
1519935
3419352
6450718
6594343
5443541
122184
49514102
65019607
7868295
4347806
3333635
4188573
798682
64985865
7140315
56787580
64899973
2069147
10107035
1347012
4271266
44311912
64603229
37102569
1993796
4766003
2140509
19302124
57585224
26725071
3894368
2907174
50734112
3796291
863149
6824355
2246368
26492706
2154577
4008575
4315601
2117280
22179445
2845919
2238858
36341
1724626
63718163
2567039
23723053
5216928
3547655
449495
2860515
732480
36229180
4767456
63309292
7527604
5615558
11514755
1428844
56339298
54249194
8171251
62764979
41642691
1241172
62621067
8032628
4031600
32666418
52396565
6946477
23870730
2404326
5340565
20829198
3604596
7877609
3546781
51838899
62093612
19993730
3125366
6114115
19293818
7059927
51945031
6546651
4229035
29087313
4442516
60073228
4337026
14642358
7438108
6097272
50020861
16635706
3937603
10077115
3792402
5209396
4856979
10191189
8988398
611907
5481422
47283620
2312802
783687
49704878
6772578
60816843
37531491
54091983
2460031
54723094
54504020
2410077
43511930
54400221
46927756
54539361
60661823
1058717
3292803
20790266
10881761
3422530
4272148
3878043
54402617
2177591
5776627
4156494
44429452
4286728
44323867
43663129
44332491
60080634
4882003
38160390
44339929
5803933
37177814
5718398
45923668
45924582
45560578
44690583
3879354
36914659
12773748
44663665
44593475
44430144
30602313
926270
35977501
39375325
38238835
3333511
54593263
8947987
24054313
54537024
54523402
5372659
7295183
58590073
3136626
14009148
8085407
5191306
45551576
58056837
57995847
5950005
22828678
56767149
2054698
5880545
43228522
8675030
20663125
36762013
5725748
35196363
4405952
56948179
2115331
3113894
54000556
43536207
37655993
1191853
13963037
5275954
5960116
26697470
9174573
18930853
4178799
56214647
7746753
4696945
56141020
5610400
46843944
38334792
21553330
52695076
5481653
55475201
2524053
5231039
3199691
13273671
10268828
54539827
3786594
18660239
4229496
23831252
51845095
28866028
49783337
36633077
22461486
37094658
37808507
54630134
5149769
4927326
37835430
37699385
16229275
54490837
43420334
36903542
37242098
2817033
54567970
54575858
2643015
2384471
37002790
35912371
8437894
2293281
44227278
54069810
53585489
35209691
5161661
9028135
16911984
151361
5520362
7529558
51725217
2312308
4357346
41221310
31492215
12803742
4959079
4176039
52576785
52538143
9833744
3783064
45678149
3313709
17472635
6366894
3795879
30433148
50482187
4206268
51170314
22899183
51138741
50987210
4168094
35845314
50524887
18655710
6549194
50118308
4204830
4525672
35147337
39486516
47783516
49699031
49469173
20445785
4778996
6178063
48730982
48875651
7619569
1019268
4960565
48776735
48764729
28702849
32779810
3682978
1914235
10487545
45018
47801333
6978116
47331980
39927085
4183539
3712087
11558331
46870121
43016101
47705435
7046944
12838454
27625997
4400737
47204225
35119217
47244034
47169621
8275063
2515913
29676664
46785224
2778378
17910967
5277875
23404712
31351650
6092885
15398439
542008
1089733
3432230
7549399
23631409
156374
5902585
15285683
2860251
45256129
4556497
41801161
1011798
23291482
103033
44486121
4659491
4678782
2814457
28980467
3376029
12537607
2053535
41709936
41663789
26838806
43192091
43871725
43901307
5173874
9039829
42129459
42161200
42866141
42231034
1595626
43103666
5587473
1018132
2498826
7693075
5051982
7419739
41022919
1496307
21145798
2099260
5447015
3913109
4294817
28864586
10309534
1823506
41603685
7053536
4328943
5069675
5074973
32269156
38763529
40532358
37034714
29766234
31368338
40594134
2839648
2363052
39443759
39020500
36676521
40014983
2076773
39980240
21082878
6108235
39811109
30739482
39514778
3638632
12746105
39059854
38464082
1886891
3157171
38779462
4711670
2165113
3847096
6836451
37148172
4377854
5000487
36293722
3556824
5498551
4326045
12528711
36721079
4648240
8278823
5772661
1646076
36149757
35527026
3457711
13397326
35774616
1767105
1069135
34266790
4173467
5340596
35261100
5588535
4581239
5127391
9234229
34378359
6835260
12854049
33903767
4503545
1646376
89608
2796225
28166882
7561126
969100
2822263
31911422
5122126
5386038
4458518
2821450
27447480
29073723
4348589
27862834
2850894
13422848
2641656
6100493
23380220
5466124
22181738
22166050
6867158
21306109
