11121302
65022941
11445481
58798645
2987113
32693238
2045333
16303913
6542572
50923850
702868
14076085
4697341
12065134
60700042
5255930
687581
16896738
32300688
809533
3911640
27154199
5408480
4714461
9836299
4615416
44543973
14688186
65453950
7141360
51530012
18629935
38831003
10483952
59333191
2251021
32271851
46984881
43623642
39610665
68480413
18827243
26470476
23560523
7049993
27560631
34032314
67237793
62908143
24450256
36810511
49746604
37972686
9823175
12017232
12085255
45479509
18974505
12053452
61454952
22769311
57947390
13811819
60245820
57659702
44332491
40033067
45923668
45924582
44593475
44575573
7748653
14731383
18758343
13508206
16154168
8850401
41371900
3343310
23487995
1937971
3109317
47783516
1770372
20604257
17331991
29130040
20897592
22526819
35403070
21107592
7395332
10194058
27668077
11059282
33903767
7344599
32140827
11942055
2519575
5141298
17166410
17822724
15139430
649543
7647986
3818812
1123694
2061580
1829318
1546328
