695703
68030
23975570
258616
108017
291748
116025
1064059
5873264
7093384
94621
4275485
5923749
281912
65575
2911320
4360628
2897655
664567
1228977
1186895
33447134
214842
770685
5669936
1940138
5280890
130987
8865449
4811358
5831736
1642294
22320920
662878
660485
170217
5273628
300772
16904648
3970655
2346406
2559049
1541572
6029696
4773323
5146963
5273643
1793770
5125218
17562008
4487019
2480225
664681
2922146
2572597
874338
5715814
5121825
1874420
71236
245498
2062030
4157851
2791709
2817865
5177740
1083160
87520
1865256
11996452
234590
858672
23162570
6264492
10537990
2740080
3988162
2788574
3082599
3531321
1292127
2881461
214883
1166707
