6752847
46356752
32760730
4279501
7758779
9914078
26185
6050552
3040523
2751946
744602
22127845
3381634
991587
1569525
2251009
4753458
5006157
8886360
187563
1909602
5945231
1037839
5821030
18790454
721021
18937830
2729963
2508169
1570669
20955973
7139356
5775837
4852567
58735477
1039194
42766174
7590340
8604637
2569035
5993495
650424
5976876
6217750
211508
1805180
2570259
10038999
1647568
3452062
8153868
2387573
19924310
5694196
2310290
1036930
1504904
3971007
4285283
31298776
88967
289556
3203625
2130213
128745
3868248
180908
6825170
4845681
2685422
16857633
61393706
4712266
1667536
3490651
17530662
70527
1639357
4806641
7268694
4497903
2140942
1122754
603766
24516113
15168408
137273
6912378
2592709
645979
1501970
27144060
916665
993934
20892216
17718847
60558
1742630
1089376
1127579
3792144
36083331
11069177
6081348
9257301
19623168
4126929
31300669
25230231
18841362
54680
4938681
527032
11655655
1122151
3185803
4782580
13807480
72472
10488136
7984284
1674520
17556033
34503682
695998
906345
7912283
5069689
8082682
7053536
3584070
10151653
8411504
18105173
1033675
7474725
20987318
31158598
2111029
16395331
15172012
17438982
3535923
6025720
1855611
8219587
10193844
9270686
10009362
4632327
6333268
5195836
5634025
1083432
4583802
3231045
2948085
2382425
2112761
767341
316691
144169
53962
