47212
2511506
22939062
23397777
4257621
34219538
2283193
65575
4153158
20553955
912332
11127464
2563577
46112
6392695
7379988
37816
3650077
7030607
41246919
152405
237244
40109209
8891230
6071845
2758221
32960621
981752
50012
2229038
24026379
1900355
2262464
1470237
51712
6629942
59392372
59930594
6957430
53554
6037267
7839419
8299894
7266439
22550085
222383
23976477
1783664
638491
29378051
1608139
7690
2755639
15524950
1135170
12976755
64765556
50952665
1010454
27789262
16568127
43456722
59296127
8680047
4596310
9335606
1949573
18219523
1410192
1768582
3770002
32648153
19098207
216821
15977480
2012840
8662974
11279588
988673
7573597
972452
903284
1949091
1949827
959053
1955801
1889293
1669431
1350935
548085
547225
576030
559933
