4341680
3223578
4326315
6612660
3427339
10445368
5974610
23385697
22306206
665584
597461
5856247
8813739
10318483
25683251
3185939
54028842
1178748
7118755
3675162
4627974
6968514
6743601
4920479
2580971
2313734
43377498
15715239
27665778
4643251
5549775
17438483
25759167
1642452
7409820
22324639
4015044
4368030
48234354
25127857
8837046
4196681
4412069
3054983
7313087
24369708
30706760
48650982
44242269
14258634
3803773
7483397
2579239
4480032
7182738
2372450
2908629
3175017
53974
7986781
15055195
3339892
1537884
3388072
22635681
7370282
4692494
12085734
27589274
23651778
22955366
18239849
2218833
1407863
5855981
3130616
2239824
21213236
21008693
31237994
25496464
24104
4510562
24093921
3341937
5769766
743746
52789132
26714
1187148
1817745
3872757
22832730
60830532
2335215
94621
3306340
61187238
4127186
3755486
6706356
14543490
27647767
219901
32974175
3164924
3322023
24347135
20303616
26065104
7599303
54473
3263980
288944
607627
12968957
7621573
26507216
16924708
4528302
21631241
10712733
9997157
41774268
67599646
667474
49591710
68602000
23160261
22202424
5836977
1658999
31012456
7878381
8161922
10604145
51045615
5309748
2188232
14351728
7154074
23923049
3000932
430758
5568928
35170567
22163908
21739527
2985188
45128
3663380
2240316
7229968
5877090
11620069
32193792
42233675
37256808
21420183
1833502
994849
1556197
22055392
848783
21041112
34352333
80575
22934457
883513
21147579
39921220
1875193
6899594
36485033
21213959
3671012
50849
61593
4629996
5900
34056748
17831733
37421193
4795952
5031096
22237495
28774751
9295671
31810517
25816479
4150782
27964895
26814988
1594610
39113435
23954747
11146731
289087
3732131
22229124
146175
25262013
5360529
27250831
61267682
30665188
62777274
60793598
255598
12640033
49290592
658026
1206716
38119502
33855105
45591790
32584102
3365005
3945182
37236744
37232713
173316
