12379003
5866963
4828008
57767
9668366
10642941
65265847
373811
783195
69409271
10691337
73240
4888210
4505018
58006459
56676937
10633193
10947423
8297985
46298704
4367954
5751036
10679094
10631193
33828622
5158323
9101433
6016552
11427015
18862319
6297361
4851136
3203596
4217228
3059671
8690067
10931492
19637765
2622913
10638906
14419890
5860994
54044510
10760741
17973667
11981750
24548086
10934938
10931612
10931691
11226233
10304751
10631800
1237467
10626110
10249212
10931522
10709023
32291570
10890740
11392468
26069407
10807960
22547671
3185015
11332304
6498670
19381767
14044262
10643525
6021918
10935652
10637194
8125909
1955095
1953950
1911594
