140958
18458256
225906
1167213
38392
1105306
3675162
115626
1639257
3034846
3176174
167537
2905339
13998557
1303301
5541450
20048682
4449815
663898
2018294
3294750
807045
1249670
9895811
6090130
2206775
398239
1931718
3590834
3846743
1545826
1180513
267223
162759
5655804
184795
27667399
3888814
7590340
2895030
382536
47064311
1223249
2107691
1647757
2747546
39971434
1356784
1548492
1364981
67588909
1628788
11360668
57098345
1086269
3265230
865866
1965614
202396
2024916
40275565
607744
31224266
1388570
17378665
1871569
5816320
2259300
4212723
4128777
4257794
2297643
6180982
20432
17066410
6260491
5131384
39284797
2066455
4231459
705223
1948872
1913532
437476
37636153
6812059
623039
6988069
4178339
114246
3164905
2032423
