1
77
1163
1244
2195
4806
16546
26295
26468
27709
29183
33657
36250
38036
38347
39544
45006
45836
47368
47673
51398
52224
53669
53674
54704
55679
56395
57767
60213
61593
63114
64439
65575
68368
68883
69804
70565
71698
72420
73125
75676
76827
78084
78145
79485
81084
81748
83070
83445
83455
86285
86873
89507
91632
93864
94441
95947
99696
101420
101545
102751
103489
104777
108604
109273
110787
112000
113754
115891
117889
118213
118556
118666
118775
119550
119968
121132
123335
125432
125613
126458
127613
135022
135131
136658
136984
137756
138503
138645
139533
139579
139759
139985
140286
144252
145461
146523
147603
152979
157601
158251
158952
159655
159902
160009
161736
162096
162759
164280
164361
166903
167227
169024
172927
173379
174604
175658
176721
176834
180908
183006
183337
186844
187108
187728
188913
190136
190554
190649
190714
191748
192401
192918
193550
195463
195986
199238
202331
202341
203607
205800
207385
208329
210666
211229
212777
215365
218323
219236
219435
220239
222310
223336
224063
224727
229228
229387
229762
231740
233060
234777
235427
236648
238262
241551
248003
249156
249303
249558
251029
252620
253726
254848
255025
255880
259767
261877
265557
265983
267953
270050
271323
271972
274858
277087
279192
280382
282056
282359
284799
284900
285740
285743
286160
286714
287915
288955
288992
292411
292773
294500
295524
296963
301634
303156
303525
304897
305805
305943
308621
309519
313968
314334
314423
315687
316459
322041
326553
326980
327675
327883
329254
330908
331823
334271
337188
337523
339006
344641
348701
349334
349346
349731
