1468547
1466955
33014317
26852
55248237
10582609
11338459
5994027
65486564
10737717
53533690
3352271
4128539
55663061
27561807
2320735
7360246
50717113
2876080
38761087
11230349
14506770
950290
16287665
29297440
31790892
2359207
1881924
3263980
18155042
4103720
7587859
3997392
15940907
3850304
6043705
29405328
36104774
10848604
25117416
990519
23359181
4449589
62238270
4892699
7825601
895585
2200180
18039211
7916034
67858589
65605238
10642071
41848395
2577012
45600087
29815424
8975253
19555217
19675545
69291166
65453950
25934222
41174731
71504
5323440
2912896
1968402
17029075
750556
31605110
42600010
10447629
37429622
43929260
6091771
5887382
13217489
45746975
53679470
22364719
10689087
68347
20533419
3375914
68238002
37935936
10951835
4496576
7800448
39281120
35051708
4861206
18911376
30329378
54931989
11171282
40540795
50870962
14973258
11221608
329396
20140278
57610362
10575751
53373491
213955
5674849
32776992
31499372
57660857
38095083
40316202
17561555
22139693
36781132
16892482
6727170
10590158
39900191
31705799
49892941
51700723
13859235
8586170
7010013
1208571
46440461
11011369
31731071
6091072
5777504
8537296
7366767
46721251
20747498
45732673
71712
41452485
13864558
31190125
60069870
16691138
28606007
28141367
27524669
4387916
60164522
9285172
6563837
58342541
29307357
12442287
25474235
31104320
47839113
11507845
46813886
24678509
1368093
48743115
26074701
12898935
6313359
50820317
4000153
22329564
501467
17045923
10614328
906643
26681048
33749346
27124471
10832456
1051889
22159382
154529
35912555
19339846
17286989
6117942
20065267
31520893
26610365
31381052
10575696
9461797
18552693
6730240
10431563
9967724
20770219
3927752
10529539
16318619
72352
4144532
337115
