618056
22467330
10228399
16758766
5116437
33816661
25523967
63966298
2742510
61465
70268
9029254
275402
8378789
1873992
17038876
2356349
15050132
9523066
1327942
56926770
45298700
3440893
9953714
15723303
1419696
3543827
9924555
17431869
50859961
46222897
47846377
12383679
660734
22426127
68238717
24805702
63824390
5133475
50747332
24681030
285504
2913814
33013467
611406
17751037
28694226
1475241
5269190
31302423
11432157
44154454
266808
16829104
54909028
36615872
21168783
9861593
23059612
59722177
12354362
1630617
58518707
33833978
39342425
10228322
43568038
20012829
32899389
11393759
21022963
13200612
30882792
16743586
42619961
26568109
10325107
11680059
20722812
14493951
1042088
12198112
5831805
18265695
16093184
12184051
11559849
11068861
9400895
720061
615942
3782210
843612
805825
