4908617
52663002
6982237
17606073
19292816
27970426
27346599
1074489
5894770
10019167
4599993
1549671
26489137
5153171
9548671
45738053
610911
7584345
5799510
5592663
4989291
69604700
55225195
10423615
3765425
65386301
5837136
236255
11508762
10855314
1847956
727561
565401
40312738
2102634
18260725
32448674
5115069
3975487
29511324
222691
17599624
15111046
66151719
16547720
50966732
602086
1192760
70891
21203394
70667
1422011
368336
3683256
26822307
12303817
50020861
18125932
50169991
45854
38721284
44429452
44332491
44272005
30096939
3945437
45923668
44690583
11865443
44593475
44430144
7723004
1956702
20674398
12584401
106084
24289323
6563089
33957593
2984299
7033704
36443527
1925059
10481059
6484391
2001861
2585799
1953423
66950
9148635
24084307
41241328
34140492
3199003
30932416
10773352
20551753
28732818
3019293
70895
16113555
66633
66501
1001183
5189320
2995469
10083674
9604087
9546415
7728001
70514
3124316
2651960
1964708
550341
126102
73942
