8606755
234844
68501456
19979434
16062946
4843291
255393
72363
4587016
5715343
76129
1360283
1419038
214842
25302538
4013555
1503300
6126295
5895624
9070255
725162
25855192
6205782
170217
72369
36642063
656571
56804508
13754201
13719509
38022998
288182
37751253
40462385
3781572
27733543
885898
56463
2046577
441575
9621105
4863728
233959
18131134
171043
813668
6179775
44311912
12289317
8313067
1853455
1914270
79230
44429452
4861892
72506
5343261
7181026
21287134
15884216
16134873
8060298
18584318
145627
15819649
2121948
4198431
27234333
18292965
2381163
2035806
13783735
9167858
72421
