54660946
2478559
14071613
5767753
5369278
4099670
3724181
1275170
7329736
24206425
6724417
5950236
12527488
4138732
57425091
1371292
6708533
2699650
4143132
4852623
10354685
7165456
14525538
36565701
1959300
38875611
22015962
1539805
19021870
2453979
4268777
864548
8579788
4154133
585675
10268362
4950145
2924248
6380728
5602875
9386065
2957393
1238293
26934813
17857777
783404
62547585
16213097
16016577
1273373
2640811
1287696
4220017
10268429
4411850
28470423
11687685
4038636
28402233
11943257
13057010
3125017
54128764
34744940
3690652
1445930
25109309
59796126
50974293
16303900
34528854
27163867
8295932
21106982
59670
19652121
7970249
9741084
21171101
20703010
59830738
5432952
3281674
5959790
42799248
21072544
14511776
9682016
4224396
12066323
22949865
23065656
7545100
33654437
7474934
611025
35591929
12838094
22098425
11943984
9682299
24707390
17908906
1926274
13833701
11642750
2796608
8419266
2342705
