20429583
7419047
67695982
213802
5591500
7407744
1
4471828
13359689
216
16095335
5038680
42834236
2431873
54866952
5246491
66226990
86362
56467159
4147912
818870
214250
13315571
171430
56501259
6016078
11956979
11394881
603238
60764116
246748
13868271
236356
6333165
8487378
14129302
639730
6078688
4319355
73
20575427
32278959
3925186
6415645
1969124
19059508
32477248
145381
9963666
44153179
2253849
1513600
15730500
2450538
7910716
16739866
30063521
3271359
472
1252572
27907610
124
19066275
4802330
10772541
42614014
4704961
7972848
4296003
25494936
4381153
7276210
9032502
11282704
7478358
18372695
26294725
46099124
175283
5809391
19890289
45232006
2116738
7536513
1785818
57558684
43910145
5006423
34374627
8632849
33485854
10244534
12523810
19322905
5098411
1357374
39648620
1335108
4442512
3692015
4065727
53099639
3
23136954
18785628
530090
16568516
801835
16795797
1483835
5
41706291
16919535
147093
1522951
46782710
8
948578
49740250
2333249
7308319
1187916
7029269
14436697
330662
9
23535738
52861351
24464811
13316643
5630425
28109993
31663189
35
3066339
17666079
20672983
1119177
34
1617478
19122791
2254449
27719483
15291701
2306372
36015294
27849339
17586747
70
76830
1052359
5477574
21047175
67486874
5947463
9785457
21
187080
7042662
965387
51351799
31958014
31605620
1139589
66377006
61831157
713
12591837
6637075
24523209
42580456
4859431
325466
891907
11914125
9399686
103
6
1760454
2457661
1774706
1197043
2927446
21101527
14799565
5440897
41781188
25863363
19345444
11750409
53622929
9145755
7203135
1326392
10173205
16217968
1098730
674516
7307597
371517
7714961
13383855
59422338
644194
1952127
16282524
1287742
16759475
1262719
1611628
660602
3558449
3950596
12781447
1759871
18817321
7332772
6457248
6410168
6838011
22294392
10241652
96
230
49839408
25110125
11213357
47649239
22305952
32143034
5897498
19585348
9819098
20955803
47649016
36342331
9554913
23974909
38030010
36789323
2238366
15142499
7725630
10150899
32875188
1677824
33917522
110
37
9022866
32967252
10070470
66
13600908
31534743
31018922
9448975
23996554
24620644
5164716
853222
8742652
8357124
10202620
856228
7673948
11131210
9405148
7026458
6214952
2578113
354440
1067445
