5385871
48220582
674011
16236582
42778718
5696962
58824438
9871824
17113957
1093736
11263498
16729962
11372510
47412532
55773152
4820681
59876776
10736331
21371395
39127845
2673869
3191312
297686
3176609
1266518
7556442
16055280
86806
1851882
14484233
5587447
228549
789366
26540532
9322628
50251071
53505099
2379139
10983753
1077890
7464851
6796472
7364393
19172363
3361717
35743
2902100
63328085
41312304
2404266
27251572
3813848
5010023
10194700
14873408
955814
4391762
10871288
27208027
1296057
105011
50667701
7606647
45237578
1525985
48785173
23507081
44933
5286219
2864394
5338989
10130105
33447134
23099945
36581341
4916567
3063573
29231029
420094
5536738
3095901
50894017
31311094
5292528
25277699
11961850
37801127
24427608
21467759
27310486
285220
47542621
56612063
44780876
1416744
1873361
1896238
29380014
12160757
18889503
65453950
40902425
16255563
68703736
22642757
54443058
2170656
6329989
38225515
36673911
5901332
16295571
31925750
28401793
63391195
43940883
17513541
36499109
51361206
85230
14827250
6048169
54845889
22521564
10674844
991863
7636619
5812519
13007671
18243174
61932157
55809665
63431081
1844423
2530758
25647595
4195466
6007780
18422030
4982516
10873674
6075307
41474490
39982893
2241567
9427846
6829915
23449502
21048490
13463951
33786351
2306862
48894144
43385684
11618992
9911736
38048778
4907643
9931665
26161776
37966301
11307016
17030179
6065237
24460875
38924639
22379561
14209709
16337949
11977649
2388531
8291946
2658868
