3539454
47713929
29607269
4072295
25867153
68413804
52663002
11943370
17497031
10450132
26808751
14166435
6542967
21530568
735954
12543465
15332560
2110769
3867167
12339429
18658861
15364538
12313037
43641382
495689
30420091
3070540
16259268
8816499
38611024
8488097
5097401
4844804
46719945
3971328
7258875
8150704
79866
12008944
8061780
22023613
6852236
48821880
66121264
4751747
4774555
69765582
43121055
18637997
4128408
6216055
15816116
23547782
32815576
29047696
52350345
8287397
11501317
38613914
9339153
65420281
4092905
44157263
61173395
13414923
67476318
46332372
6266853
7423657
7012026
6025354
64953244
59652385
20877512
10194391
22297375
66514582
66479751
66473328
2360270
55970554
24123467
14074674
23334972
55958513
50020861
44296877
5530495
45924582
45560578
44690583
44663665
44593475
44430144
35949114
7303782
22402484
51488732
13712055
7392080
29369069
29440490
5781919
15585158
79550
79600
7242661
79532
81192
81586
79632
