2852709
131922
3642045
7668522
6217162
83445
3427339
26876584
672625
5974610
143168
1237196
1059653
5873788
321764
597461
2990642
1826492
8665845
3498889
1169488
811687
30005609
6237864
26175098
206027
22110057
1842352
7044614
197279
1
971945
1394928
6940509
18695911
237469
900147
22083807
1396160
10592271
1711431
446464
2752994
679194
2431873
343944
3236194
19300421
20494551
3078602
2970379
316102
42315986
1199525
5293536
565777
1109068
724491
18383778
846773
633469
744602
1108123
171430
1637919
1679084
632247
3126915
17717848
6257531
1256603
19470614
1166663
24115642
11139070
14280177
24208830
7087508
4361541
9822645
16542427
2927182
7233842
446509
2105546
7213075
1376766
13779
651844
1694004
808994
18937830
12080633
4542979
6386522
1069458
542037
175283
4196
12436728
1792639
565548
702028
4776032
15197144
904493
122606
22792071
395599
391299
68233
430758
369112
86285
959531
83573
1340220
3061794
11003596
105244
289556
25353295
1654089
1746024
563874
1788840
41584
160477
123501
160747
15976696
158204
84621
378822
3164732
2169723
5699299
12490738
898649
247114
2404802
611406
166678
9632
4005812
4298392
354623
150354
149205
83872
995881
25230231
13666
7714961
2297719
1008323
99839
1950765
1027933
24644178
251157
5232214
10856439
176571
2447325
1424859
4815417
430841
165019
149801
177075
434802
1531830
