17493209
2497184
16842281
8755503
2220380
14822170
26893783
83900
14464442
12719427
5973937
15445622
22411818
13049349
1879140
24873059
15838224
9804858
12357696
2364259
17423449
27228612
23709232
12279384
29540570
3199776
82721
16103979
11869840
1533351
27187021
25989096
24968
27264141
6594229
16972503
23142447
25187040
11655234
10600172
11345113
17265888
28467792
6085416
21566199
19208974
15971290
27501447
18631354
18855688
18061274
22884023
7672784
20270010
21494230
7076760
19014890
11256822
18401165
2423731
1894741
29287025
12845771
21259711
29093928
27755459
14280819
26295481
10387165
11774109
15781732
12001876
19434942
14860692
12632762
3341381
19866831
26472509
23204589
29947368
15069896
18089735
22595759
5012226
27008301
10161720
393085
16173180
12100727
16386549
15237396
17822749
23848370
22728882
10927399
20419404
17919998
29149607
140386
6705573
18867165
17104100
22609043
9877772
13658794
27220225
21591976
27076518
19345533
25309243
15174584
2065595
4073984
20833636
19417091
18940119
7886542
17649894
16423774
11877407
12198326
81302
380162
