83445
143168
665584
5238423
2409682
2072864
681853
1956959
3048260
3940952
446464
4725718
2454496
3521252
5759543
13998557
4041033
2250020
1069643
2058486
2380195
3264452
446509
11375137
15986821
124482
2280231
2510203
1720620
27411178
10022686
8531956
4268487
6036599
886144
2029318
2189910
4642710
3914053
4334540
852687
27218681
1575697
1326011
5448340
1499743
4467126
154690
1308443
2310290
620121
11219235
226335
12536829
782069
530038
332925
5266827
1617945
79573
5152540
22860429
64131
2445523
5492522
38717691
40965489
1660443
5424514
901568
4769435
26163854
8569318
16956449
22613494
7250935
11069530
1895069
704770
6545000
11523434
1009462
6048321
