103489
1902630
1435837
193607
4765800
666003
2995923
5109151
853049
5302842
249558
1071576
6521718
1711404
1756331
1960904
138919
12568682
4565188
14749902
915485
180851
2978987
3912004
12263446
1711397
1832506
22171643
69395331
1275302
87412
1699606
1150423
10643786
5435760
1605078
56058387
16229336
9442573
68796950
238719
1711209
146385
6237827
3684882
3466719
660741
716296
174338
9338055
7351192
280283
22769714
18131495
221454
976628
4482776
1412825
94215
245798
60616543
3097625
1587080
362086
65720777
2989781
3635487
56013786
1121925
22952631
61419617
1479684
61096344
59774099
12476236
21838224
8083025
7309053
49078915
14981395
722086
148542
329526
101803
41234808
48816767
1454206
51907044
25179971
51013195
899971
1724236
415872
12358426
48348956
183337
156374
1672419
1108096
40167946
42344788
9509481
1707482
6554490
17632628
4286918
35544323
32375128
6786202
10941047
9328718
21299048
587502
22110835
160935
2019063
6945278
16650655
16513531
13536421
9908465
3125953
2572605
1715822
623497
824833
1330683
1462509
4624344
2531950
94293
650049
150741
