6226316
7380041
61234129
5863568
27728242
68090805
666095
36293256
173786
318957
6492
19014429
31301810
515021
1427171
7245190
24753722
3118261
92376
37838696
18244457
1535945
14531554
653331
16445322
300171
29063204
45408527
160704
49776139
697303
21707564
16386549
37883811
8550111
42953366
9228119
18972895
173877
21502661
173555
33202381
39908421
10674246
40217721
6846908
36985415
3030330
413286
92574
1937928
17329127
13409689
317938
5225332
1056644
168807
96710
1039109
931135
107593
109914
108823
95443
162585
158088
