66980075
68956156
46514809
66639411
20640374
17440406
39424300
32431153
34036421
8584295
12007681
66822366
7837725
22049505
20936337
10122044
16422791
9146679
5769479
9984875
13996756
14953971
55011425
3083759
21242243
61309043
67546773
15566792
46776747
7829517
69560962
20777814
27535031
47234367
18333628
69423622
68884348
69395268
18172405
63463880
10611081
68310984
27965648
69296809
46046375
6919403
50884966
19069595
19424723
6905578
60822307
21694968
15718065
62740429
11447867
9532794
68354206
51233314
38149750
60238268
18350102
59075171
68107095
67553070
33157511
58083223
67946427
67924019
47425037
67586966
4701909
41148087
58077430
13850472
38451080
20947027
46555505
14887314
16802697
51072650
65866428
58082920
63122675
10136213
38733829
62098840
50160012
11728005
28643269
3079483
62988991
51923105
23771538
10000239
54891568
57562995
61140747
44335010
46293241
60166812
8773106
59478485
54964479
59140467
58897020
18230188
53712494
55647548
28586253
58283042
45896820
8968316
57483775
55215575
57065933
56003056
41322464
56621802
17555955
56485339
48135426
56337351
17557509
15742069
12144531
33600138
11953408
51276244
51858313
51252311
17950308
16304569
3131346
42598909
22316169
7823351
31631317
17937418
21338930
19031075
34766161
20228904
10524162
7335497
12216638
25259815
21922842
26680410
19228034
18636651
21399251
20908777
18264696
9919002
5462020
98287
