1827510
8069609
3532934
14905030
62192660
16433895
36052638
27378839
15180752
20425501
6903534
3327200
66229793
5233198
39003822
51120940
51709092
13521251
18430453
38816097
56839981
4649006
24618389
10619743
12274914
31351938
11161625
57080267
2130030
51250846
11100351
21116591
33581280
21738086
36459219
12564649
69017235
4707447
70067903
28578524
43654029
62729702
1248982
62481856
8623624
34728386
47713869
33250768
42232435
66233496
5231247
60961658
3121054
5529488
7471710
65489504
60975456
1518750
41884978
64364270
66232353
17694910
12887466
60377741
9754337
20724543
69149061
57486195
67898426
12193155
39090241
68896304
39717499
32470798
63702832
18221474
23974886
68783632
34236183
2577955
331871
354874
7455090
13519394
64299153
62998766
11393943
66674241
66962570
64804817
62868953
29674266
10649035
8933984
68075811
12192466
7120658
13513864
3963467
24547441
53965520
66672987
7113291
57953358
45925795
59099244
40810365
40796512
66954827
36001791
9060967
21560745
20828640
62202037
61712879
30053708
6697577
37545905
43872428
20147197
28208739
65571512
47562479
19195882
5242213
12531846
11160887
2855837
7274332
64583987
51221716
18687401
63819762
49033642
50940142
61950955
11734384
7564442
55077734
56996320
54677306
24305199
57426658
61742606
21404266
14762391
22616623
36054031
5017736
53687816
17064792
54160579
58957709
9459147
13064911
31933657
15704038
58404466
52317137
12195124
22264127
45124968
3362448
33500295
55507056
12275217
5742227
22911841
54305518
15631641
53443709
26737525
52894331
5313587
25230416
7577349
9816270
8368053
9892950
11651736
7798629
45939014
30353583
18939715
9199665
24080931
44442476
16783690
10991286
36916972
16643929
31706416
41345851
41023307
12113322
39388631
36581178
37982088
9447838
37373044
7574420
9950339
13510922
33735154
32883148
13165736
31693698
20486268
9130140
12943914
27329231
30229418
29674179
17661678
27433689
22737172
18729321
15533652
25892920
25499039
13387480
9455211
22682268
21988526
16278294
21086393
12079232
9876594
17843336
16530258
7557153
9149361
12753174
11046089
9837149
6824047
