5153430
10463785
45534129
15975876
4239135
12625332
27886037
7387709
105011
5656265
8928277
8820972
7376849
41803264
25899494
10626027
15213538
17551197
6445444
7591142
9128445
18828402
7358030
339006
10984480
7200510
3928755
5971628
5400508
3335221
3410361
5235288
8563275
55236673
972111
13421112
33471238
34401180
3952122
1073280
4782050
6263263
10156708
8301631
4902013
2896713
25554375
1006833
11105447
9850030
2568630
6594379
5482430
4751462
12550064
15895745
3910859
5721983
5796616
1139575
6373807
915653
376991
8528817
9104823
67821033
8416512
2791846
7545925
65352596
13826431
15236643
46650489
17337550
37945352
16545350
6028923
3116642
9581828
3715620
21463158
28352324
16888878
44620734
11199453
5443027
4795925
9188259
22851750
232817
13494518
5482765
9022696
3112268
50846957
9517797
379761
6968043
4861221
7542227
8752207
17795299
10851886
570037
18726134
6402712
3547029
5553625
14052435
1562686
14545757
10858833
1548185
1713602
2040094
