9315471
3446209
22239484
1007899
12487206
2094339
14354886
1114065
848333
26674903
28100900
7410366
39778853
3404721
8610439
4047864
54308189
1017075
19455141
69887910
3222105
69098062
67261948
5246535
2139643
21181681
36157703
9006740
7511580
4193802
4601439
38208837
3392032
69429382
58035941
69327972
2779765
43838866
10495260
57570083
16776067
1438159
2264066
13926751
7296927
22352639
3214792
3598977
15352882
53511894
10703988
5815154
7426935
61790326
10180825
1193072
5632210
13669220
4768085
7217538
60609015
16163504
9928326
1085975
16604591
42104292
32058351
16406257
10143221
4413718
2560313
55356697
699590
3363060
51540800
45142366
26624108
4013114
6930929
7202861
3720087
5888219
19490510
988484
40412699
27312691
27554
13224429
3168171
2409013
16169985
7297433
21010815
7248476
16028416
14923227
14366922
1703873
10129477
1891583
947823
1018447
1015682
1007976
1008382
1007829
