4141059
4715032
726059
5988607
2987388
3842527
2160532
2156200
5831679
7079718
2924544
4735607
5534633
2784056
5735930
7780308
12256665
5867178
4772155
4218875
5184918
4111103
4983534
4072501
3957022
3505623
5483350
4484211
3806506
3940463
1662951
5203627
3598585
7339302
1301562
2457328
3097457
4768026
1043438
5029833
3482230
4617137
6170428
5283622
812792
4668837
6149340
7081889
5279768
129766
1518370
4590598
5834647
5061584
7292898
3000931
1043451
4809021
4989121
4569424
4841757
4857244
5270872
3463777
363876
1973428
5947012
5163820
4486236
5829573
4838268
4262032
5239575
4535414
14541873
4817924
15939739
6401363
3337064
6020970
3100453
3597086
4397486
4811790
5859513
4803576
2789485
3870897
4846784
6537042
6635124
5928054
3705986
5894354
4931242
5073402
5689808
14416612
4853663
4940162
9131289
2508524
3534603
4819100
5957833
6415572
16498080
4643938
19943658
7407734
876163
48776735
6514061
3458993
3820138
6531929
4036909
3829437
5894214
5150699
1739903
7095959
4297721
4697973
5315668
6173494
271582
4934194
733266
3471365
3741762
13579809
4121048
4288422
7598154
1533313
4248046
5189021
5336214
5980325
362751
5977303
5668582
6272622
1365240
4875818
6295770
4662575
6123128
6564062
6247946
4269727
5419307
4834544
2995030
895850
5094055
4922239
4105601
3336102
3466871
267300
1312147
