39979
9312782
2968406
36689064
6744622
3428210
5993109
8708831
11167798
26371387
70214923
2726439
3614426
8975271
26151366
2215661
16144373
274198
20396464
7843775
20752267
11014419
34155612
9991172
3590089
1036436
2442500
19502637
12672465
8621256
19741161
57982610
11440366
64724973
11220963
1824784
2872099
18008078
62039958
33823596
2241719
50773928
44740352
45943315
2959614
51113969
53357494
630375
16441595
1411442
18183400
8663151
41417911
4653836
11713648
8794135
12337025
29548413
8392446
23771310
8807786
10939236
1210012
1216255
9754620
9981191
8559802
14506782
9003108
11044525
1276555
1210129
4184578
2720562
1984497
630226
1252810
1088809
1092634
1048184
