43011076
15688401
59487236
47196478
36706407
32002534
1071586
4134639
5015100
22164463
3174583
1068469
8126968
64134738
31097522
13187326
2670321
31042514
18214513
6015715
29991213
4278292
38864231
32878754
10441168
5598641
34447396
4230109
12897565
3620218
50970
21940427
6745463
10244490
20098432
3482240
35530324
27107731
3483331
7450361
65453950
58410961
2963144
53990410
3275474
27079383
15203108
5109387
5277862
4475656
24453484
4927737
3979381
33751039
67617587
11372241
29246412
564665
46570051
4283313
2670769
19895312
2593702
22199025
1023848
64267559
19705448
5551895
3084548
18607978
285033
55376017
20366503
24045187
2108483
40275001
10638838
24217818
23798490
8864506
58092688
10898977
15585212
4936682
6320463
43663129
56926007
6210670
2967095
29091854
45560578
19779103
58085904
3267079
6359898
1023931
16650686
24320665
4939236
303100
14583849
12809717
2548479
12418282
16646971
27452235
7742482
1068205
25834815
21091676
4940601
4093994
19324406
12086543
5873801
4945550
16028012
5010321
1003285
9837349
4297270
3540375
762832
1594850
2476388
1405648
2476910
2475603
766446
1024393
931046
746455
