20007956
14015685
9192215
399562
43077171
28092938
26204898
70041343
7729771
49391629
10529661
11104419
127655
69303643
16118551
35488009
4345464
69214059
12465808
17648590
1890389
17001233
9292748
345761
14195742
54579718
37708406
53289006
11261986
1296683
9296573
237106
64324223
14764915
33091219
63104705
14790174
61526825
220017
5406922
47613270
38978607
222693
16149398
7244447
24425195
27878570
2943823
11256723
5814425
1105147
17563895
7072982
12096413
1716157
264265
34264301
32148689
27484540
30044826
307420
23631919
8167280
18989455
18316247
5666260
10831951
9798182
9181098
