4675995
36078220
22848274
1045093
1230429
210397
45870338
3427339
4684009
183865
45427098
28205149
368148
183919
44821059
35746137
3781470
1212384
57767291
3111433
14506770
115251
165395
4263900
3398756
32514005
842946
5356720
2952743
1821614
1167787
13796154
2169927
1847371
56252
2116632
1655437
30924856
2763302
1288167
1015035
11072650
1048747
2061957
2636793
1119080
1069973
45847087
1101823
1231818
15057168
1142588
4328626
1746807
47868173
3121054
1304344
11964892
364245
5730076
59627183
67628004
5046651
4624903
1253734
57150652
447446
1178140
1368193
44671774
4212352
604959
285033
2031907
1224194
1977581
839074
2439311
3811410
4206268
863801
1743499
1282204
1809407
1428949
878650
1834712
1100890
1072752
