405390
15477771
15161418
31699987
5748433
48373165
56415353
36130956
24206425
28976758
188447
557512
43156851
2142955
4056487
13748306
1964146
18395504
17719634
46702120
28082566
43431677
22585419
1176358
31553384
37995392
14754231
19821740
9824158
22001522
33372265
40779283
3894150
38469954
44520159
6869510
31884983
24769175
7674702
973262
26377256
20080160
14136597
31196630
8744631
40993116
14084101
1942347
61545454
2109202
32958815
39898805
35090005
28376182
34886067
30273274
39206373
11319660
24852535
34159864
28116138
13124261
32959575
1060386
38236754
35541956
28966086
22215857
29089710
759603
17345250
6231548
1064371
9776201
1054610
990789
1057716
1224838
1059824
1056932
1055686
1055755
1059047
1056821
1055515
1055471
