3120703
25683251
19567
2113369
22832730
44792498
58118625
28792952
16668677
23073617
10812334
42933739
2438655
55423455
2673008
1984471
55385
7328
22635681
36099453
12653318
61647175
21420183
3130616
55775681
27979253
1581419
32069892
54268370
14351728
1192531
30094118
2090
29395215
278655
12494637
2985632
6372
32974175
61875430
14770612
39113435
48026950
102094
18575884
12303858
50633656
50338697
52418650
31181051
5697
25570571
1176370
2087322
2889950
34354696
12187036
24319089
2816266
926512
8194668
4104804
7203
10775237
31950518
20223156
46875089
3100366
1075233
33448782
31643694
10755378
17320664
26242629
16147405
295770
43656713
37407273
23334819
59729663
10962
3989689
46405319
822242
6133398
16454001
47239133
1350941
51790052
1553761
29965387
3205987
3887079
362086
37793413
25945128
18683023
4610639
56575637
50988885
6570862
16501126
20840268
1851893
23935502
19132722
47455
649543
1118847
14709
28847
2937758
4097185
1294677
1462519
1170307
1076690
1076799
1131486
