726059
62615972
2168630
57203603
25894461
22294412
7670526
30302701
442334
9215857
14267427
708041
9763420
65170735
64659707
5796167
8903931
21171323
59419090
45173246
5817395
30532537
49517959
9188295
8980717
5060963
44242600
3336250
23413014
58795204
34623791
11887792
53580282
34679991
10465320
20265915
1322201
25478627
3080684
14930886
12577460
9255756
12236246
19344702
11888166
69682554
12030075
54420055
10457561
28833812
5089319
65178994
8513193
5504951
1626135
5741722
3546140
68354555
69133653
21177409
10861471
44772119
52605727
5598171
4829606
21181480
2099159
341317
18446209
15807815
7673413
28191614
32522199
15691630
67789411
21672472
3439400
16333440
67399983
52070699
35737853
4239390
12207877
61476703
62345515
12151361
11944565
14698778
42479326
4342609
13707786
5216385
52488553
66693362
34906312
44174003
32470996
5193055
13587590
12813908
16256841
5828090
8148462
15842982
64216964
26388416
5829610
25048785
62884199
14026956
17803887
47226560
17060333
34573665
30136923
9549007
22626055
6566765
9848388
61803853
31847205
16924189
29539603
44761494
16023711
21100375
26612539
13244757
54253728
31835669
59856730
27285263
3483020
12208063
58746420
43251187
58100970
2747359
19349802
8251126
25598608
44256330
17509307
13597321
18023772
20707392
57033765
6005693
24838046
54349385
10080079
27895080
12260945
27026265
51033879
11773044
13695206
34955445
20747577
48785470
12207782
11544467
20843926
16108361
18379267
44257732
3516634
14645250
12912250
27026538
6679031
42866141
9256191
21769550
36356520
17738313
20376571
5003158
30281857
24464457
39833888
19842343
38310800
34349748
14926890
11549542
32930470
13236912
16073053
30037436
22211460
12962442
22185227
12762131
9517711
18740811
23463161
19939936
15997507
19349957
18200371
18607193
17581993
16753207
13699454
13859948
12102138
9610681
7915735
