58704762
456468
70564187
6827816
24507102
19112669
16022795
14296182
12523223
12283581
13280449
9580611
16759212
11906381
62545155
168474
14094878
12273957
12523314
3663182
14383776
919020
45855608
9756380
10482147
590475
58273062
17306456
10090999
18052549
69450170
153722
69918438
6181723
8549273
22333083
16588666
14559926
16892526
65453950
10741786
5374805
22466840
6213690
4955959
1716456
1583216
4465155
12386754
68368877
68320138
12528752
2050617
18241353
65905565
5242363
7496075
16136673
18311156
8095490
8157108
67001613
6589026
39918512
67923677
42577646
40349507
55819113
6687539
11365941
20988912
27397934
7060930
52006461
8334221
12793055
24781833
1319013
8136056
51627212
18682920
12462119
9537916
12387241
15953995
4832380
3659900
12707589
26439583
25210799
2914064
1579955
9955027
12388195
62780753
4479279
6181094
15561328
30802716
35995386
63731226
60990856
37854093
62877454
4063811
3033247
38945270
7261932
31700403
16398623
2679424
6772345
53667143
10818761
36237279
22822759
56006544
16398414
11228328
25177712
12050684
9127801
37088384
44663665
28751616
56649389
46945097
31945
25774823
11325434
20010960
57697854
8865261
10310528
9972806
8577784
8335684
19383757
13057770
3861429
40287080
54352836
16070849
10648693
7904177
7157088
12271046
53070259
53047392
22202652
52889880
16100145
19235055
12096906
13168489
41315354
29433540
12385818
28456426
12333293
50581872
16125314
50421159
26425498
21779582
2488702
10928090
17213130
2291825
37641011
41691341
19026799
10627261
14724969
10089531
29342844
21679456
15324491
23077679
4825
13219942
41010241
26874722
19358045
40715062
39530356
1588312
37517193
22221063
9474223
37183563
10325300
7752966
29551106
23452597
12523458
12587091
30827787
12272260
30445350
30219868
28096325
12523521
15075573
5542140
12532847
25378812
25231893
24837065
9831256
12482469
21231941
10225887
3540452
19124791
18498034
10787287
7954263
12282765
3355260
5903887
4200469
7873651
14293906
13543570
12270987
12525395
12578402
12302818
12280179
8804629
9271052
104320
10558015
10539979
8721351
10281911
9726460
8147720
3555257
2669004
843707
