1961006
895973
697401
1618324
1205587
890685
2452954
3064952
10428438
2561971
540865
619633
824683
7884212
411374
1051411
6999278
1181671
1973090
1960904
1161178
3550903
22083556
22964314
145863
633463
1503506
7431976
10604202
1412825
20997877
9505870
5087212
685174
37133725
3585158
4037704
11073172
31088698
358244
5934473
3417929
1707482
1114757
5304736
16192538
13822376
1793274
429311
9090455
5615694
3773215
1228820
3304632
3862466
2383449
2242125
2100771
606258
367002
357474
1048061
1114517
235922
1245010
1197613
