14194516
58118625
43467794
83144
10928368
22912831
8649983
16664650
2371533
26835832
4205595
32614492
14742306
59182389
5088467
55424493
17760539
14652946
14598292
10864921
47047770
14975374
69912955
4622943
5280763
19949394
7109738
39045217
598870
58348329
50860549
6897554
49282350
50394300
4906005
43995042
8955224
26865787
21728665
2913055
36373145
10206316
24311076
32201473
20819835
5767886
43563448
12193325
27000848
29715733
47742685
58638361
25107786
24457986
26295774
11483001
32454889
61216810
39981513
63110926
10133204
6384749
14196196
15028396
20341203
58492714
50866560
36539337
20705826
55179850
51074429
21068347
49101012
29991865
21173178
24060900
49468026
10067453
16096377
14907715
52192016
52798737
28886978
19241701
8168018
20303974
21065686
24603266
30350912
27280310
16409413
35491841
24895486
31798283
7458910
16781563
10853424
15424993
20453711
22091209
3682475
3667961
13252275
955269
2042237
