42838603
4805979
64452985
36117556
115251
23517010
45239112
8549330
27073451
63593598
33400739
50570845
14390562
46444036
47512566
7910057
52436247
62686884
39572758
55901028
58439449
28285043
2300174
51982509
10691089
11520300
8827381
2181887
69683678
21971670
12975482
63832589
65453950
65420281
39679683
4442695
12197659
48909634
51642533
6033659
13159192
51224803
8581477
43656772
12691871
41209476
45496760
9324757
34798475
63472397
2779764
15835803
3393956
36240345
16252657
17932124
221360
5217891
22490795
12529667
19582885
12800360
26461853
31945082
16234610
8370315
9137491
9839842
34393577
7307837
24333896
26588557
7137365
56232630
13507781
8861252
12809571
48149375
18434980
6655351
50924508
18730436
8205319
19451677
7112480
27288180
20735757
19793095
27520054
16161903
5858313
4042255
13128457
12055015
10770758
22683528
14624317
21949475
18723574
5134094
11349946
14682876
11357623
9888607
