28661015
22448842
3103063
13162061
13489971
34039771
27677207
29107756
1162210
11441
5257253
387790
5387467
716754
362722
196267
2525214
12299
1477309
3748670
107528
2831686
1135593
1280382
29965387
2822010
5155747
19677082
22468150
57113864
16129191
1079902
1704156
118948
423516
43427771
4089585
43236685
1254
3311160
41819208
10774
19484092
1420624
36475187
2583663
16996127
1143
16535626
1682841
1102
2503890
22567743
22420036
97255
869426
6535762
59248
766451
303846
673652
1657833
3507537
5473
351763
12813
1544304
13019
54389
1977021
1974674
1703614
14197
606575
13491
14606
