6678
9708
12845
15894
15985
21324
22852
23865
23941
24104
26714
27781
27847
28333
32865
35887
36877
39468
52088
56816
58498
59575
67039
72188
72747
75623
76047
76267
80519
86530
95255
100294
121640
124314
133737
136583
139641
140286
142660
155064
155313
157009
157202
159969
164280
164854
171701
176247
189863
196708
200463
217247
217362
241561
248737
251662
255116
255233
257355
257562
259374
263621
270050
282010
286160
287543
287885
289362
291225
291283
294625
298583
301443
310770
313535
313540
326121
339924
343749
345093
345544
351833
359512
362546
366448
374222
387825
414097
417493
423386
440436
445994
454255
456462
48531
494909
502876
523485
532343
543942
552678
557810
569190
572137
573050
582985
603913
605240
605272
610459
611319
612015
612992
614507
615436
618735
618923
627326
631900
634151
639542
643241
646305
648032
658227
659211
671196
671265
673408
675670
676328
677024
677347
682349
686332
686705
692278
692561
694015
699633
705286
715775
716754
722418
722862
731476
733341
734036
738915
744348
747208
748283
754491
763051
769803
774682
775357
777430
819045
822976
824533
825809
832026
832272
832432
832637
839416
841938
844913
847347
849952
856036
864209
864961
865492
865950
876321
877717
908883
909065
909083
909683
911896
918245
921126
924598
929726
932251
936092
945353
950372
966767
972607
980927
983617
988565
988767
991863
992727
996464
996571
998297
1006497
1007776
1014133
1016967
1017965
1019346
1023973
1029842
1036177
1036826
1037917
1041005
1041839
1043693
1044831
1049099
1055407
1057458
1059968
1070262
1071682
1074881
1077582
1080340
1091064
1091514
1094554
1097249
1102572
1105074
