4062226
16205926
12720505
24777195
5969491
5842756
7855714
5961262
5047668
4457352
9671261
63374863
8749757
3282865
59741597
8227031
18432489
29761931
1797710
3167763
69918580
8154160
38927195
10929904
63366204
55917690
1347005
11035671
10316718
29278275
15668251
3923484
777578
1212047
38836760
9426169
7429342
6868623
7048823
8513455
38846990
1967228
19881516
4482441
3352051
2572597
29734666
28131752
23082749
42817180
16167025
44131621
1534565
4072317
2739040
20538472
1892802
18247486
34433083
2475808
8549682
49389107
3858860
8267944
9382077
11727233
24881353
23399721
2157481
41683132
13356876
20739198
14514993
42318729
10083424
11313484
1328714
41193345
14513459
10223043
37019463
35690900
31005677
1149038
32241488
1884817
20493305
21506375
562085
3730906
25896921
16017646
15019666
18541203
11042715
20884559
2626645
3933105
13557679
12436193
10826158
7892722
10976554
10935841
9472286
9015180
316775
1884875
2481752
133544
150358
