7305958
8534552
3856732
440913
129392
4296935
16098942
217247
8197985
7432859
3765410
8903223
7974589
6942716
10631853
8042738
3018896
7901545
7266814
15400657
12899282
5203731
22224855
1500792
7005076
12597286
26296636
20257290
145623
13259887
20931269
11282376
29267938
8385179
1233564
11548913
8994982
27585240
27221172
6402551
26388863
2236668
20094570
7898328
4255569
15314243
10463485
2655086
11076040
16545635
23478805
30831448
597663
7936462
157879
228817
104725
9360210
34826747
23477353
11710956
3563158
12158410
4992397
6145278
7736427
12075986
15988808
8275909
9418269
15629776
19041842
11042715
19651795
144498
157253
1237219
53566
2099396
1760083
155478
155622
