6395640
3101553
5887813
28848301
6846614
5205548
1929336
1165108
786446
6241896
9894314
7197821
19138483
61076644
25371303
35647790
4098576
63200021
4897629
12285517
69876397
15138548
709867
9708582
22427498
62296469
12590100
8947331
25081350
2155333
8802863
418233
8201315
56401582
21343369
20759115
11514289
155468
62029630
38517876
9250865
10735643
66759954
23790912
1015041
60660918
10209162
17521775
121977
55458014
14308178
21784763
5821191
20923668
62604611
17327948
43453720
3415127
61652459
875236
3571216
15104368
5781104
1645589
813163
25306084
9877654
53552327
11573218
36884540
10019692
1915341
22213650
69403
