766586
44045157
12094524
38632685
44052432
5976636
27521735
66387215
35701
9615593
3817650
7707836
8206612
2045565
6479815
37838152
9526072
11643848
1251650
65723864
54489506
929951
1744149
7479945
1575277
65823726
63905710
49123177
3000267
41849782
21099232
13211101
10877310
6027057
21608413
63477009
36087165
15949
57979686
54839614
2167385
17128560
2169910
22605707
3219212
46246803
15631
43172161
27719485
20954590
31070869
24628530
3100122
28955847
236223
5069420
23272904
10834802
22677450
16436869
1324283
16308
7219367
16448
1567656
17515
16545
15898
