29599654
5068536
10697179
23504479
28073569
52481988
32774927
2250598
4714549
33632196
2997696
22630781
7126530
4019599
28320147
32862740
7716084
18122933
11929368
32647049
14045562
7810503
9314299
37252203
23857337
28475831
47112567
64478017
5687551
6206860
7616936
754491
21530568
1379514
32282497
30510936
3067509
7161764
10762033
45359807
22343553
16106414
27246754
22787798
21374967
11857804
2974423
13193127
4460175
46912106
4988733
5731768
27278062
18523225
2714432
2969025
26626256
18795016
2567068
30631037
50680443
44459353
39204432
40074326
5399473
8987841
23602011
7355880
16219087
11258098
37414448
58160628
20199767
46476449
17420799
36907106
35746137
13130014
14970059
20629965
11618764
3452652
169713
40148999
35282100
3047395
48777536
51196399
39598773
5685850
7918786
48156970
48243908
9204949
5082615
26859021
22889537
30890847
2881647
47278120
9774794
6009278
27923418
10083900
44218982
231939
2846552
56675262
2323605
22750469
25133863
21992464
19080562
50035858
55904520
7412993
33737465
43377498
5708487
17970468
7189599
12794623
22435546
30432635
36245334
30182357
7426632
65757979
55487924
29383287
22947508
4569919
17561595
14968595
55614147
9841866
34732078
14797347
58496095
34276502
7065592
2125462
39072512
60794354
21892461
28644433
51156954
57484514
2576681
2846705
4749775
4728643
52470012
16784075
22518526
4677076
23728635
24844129
9874189
36031913
16504440
8654834
22417515
4604943
40708249
27291448
1882027
35409485
38510291
4636758
65909643
58341705
11913659
9291901
28045830
18683631
979193
30489234
1434969
39414878
32550314
44178547
11343322
46531283
34876225
39286043
6196765
38609635
8591103
5361057
7848834
13410352
33503749
57513660
48461408
5073310
50848753
1841767
30728719
6335451
26378095
15447041
55447640
7877496
2463880
22425879
5295980
14333537
26896300
64381251
38672507
16276747
51163760
2577158
30263079
11634450
13131441
43797056
50808953
63666087
5501124
39333638
18364457
29366547
38617953
20120833
34163553
10559838
1396651
12889649
8190907
28592361
47333024
4945535
57214341
19169838
17324607
53505099
10067920
12882632
61179587
5138611
8842870
44716625
59876776
60225111
62473926
47454907
5663034
13300659
43369071
35232063
49829220
7897151
32073839
6315232
8652150
19086853
3648432
34510620
6038720
6296289
13801222
16731747
7930168
17703155
64286457
5223372
23638789
3967214
60044114
4239777
29712058
3219807
24192234
51223957
10073015
832116
9323164
4471081
47472870
7339334
7878772
10296799
40174592
4103395
29382445
5421449
14873408
15440409
48899484
34691749
9999557
29089878
2580135
31740569
38806008
4342936
43102653
60289209
3325683
43439266
56791158
27340731
33062796
21462139
55308610
67587464
10973677
62795872
10031062
12769608
45393113
50205103
30749549
35150859
6144386
2634051
17699760
1124284
7784766
36376245
48227823
39705390
16702632
33082112
38719074
11125389
15545525
16913418
1334245
3948071
49847688
59253149
5614177
57460119
1583976
4212189
4537892
47482364
25100435
4162601
49893124
7841459
34114396
57932277
31394270
14307341
36424297
17825291
3275205
51612302
13514770
16064122
50986914
22027176
5833393
4934590
15896137
39205812
51242689
8106992
40958744
31351564
62404448
7232880
31899300
38408682
1851947
17906583
28643825
19126246
27008190
43494867
28169716
7013001
48789715
39292080
59628592
20786771
1623001
35400612
41519748
26579567
61105808
20943018
3782741
54738355
55067787
8666258
49024469
50922421
46305923
46559477
748566
12965105
30874743
38726430
7630616
51567657
46533341
28819314
8865136
64022095
47055915
16377010
32396752
12568703
63433269
8307968
32802327
19289871
32742001
27251572
29165472
25671514
424253
36253976
26601208
26601208
5935030
44071425
63568770
53294259
523471
32011856
48087215
15700913
44687011
30604861
8155611
3312978
62385262
31095449
2276903
24695945
2625148
12584913
14984232
9551173
7152668
5828774
31283959
9215732
56105544
25183495
8090025
10922578
34047414
21214442
278339
19855562
58045316
5831852
23253765
4713345
14350381
7397330
33795475
36041756
47643872
45524597
49008765
29805030
2682140
9898668
32757587
30391111
9529085
12842423
42974042
19533530
41603130
2852388
2843467
38171460
32211345
30419961
7273773
10872969
2209747
5124500
53522786
43423597
28044977
32953701
28506974
29715028
54533132
5522737
70143539
55576237
24027706
26244011
14467810
29211563
10154384
46680167
32174
7066841
2914166
26718494
21113440
52115322
36326354
24208285
56751523
3277132
50734112
17948264
3828724
26655983
35255157
56008079
52460092
3418486
7004400
9865624
38962306
16350497
32694751
8002810
22434382
21887810
8630015
24190242
865637
8168114
59620052
39267044
9659631
53216208
26302950
4545375
61275795
38077205
6341226
46411767
5100738
20690932
11498734
60514987
6007082
17450619
45183954
39161421
16949671
43624062
32195256
19059495
41691178
24614997
1264636
5472563
3803800
5973155
39417526
17810208
25259960
12627819
32222150
15902193
33516529
30710837
51725982
36011329
26811510
4510274
39744509
36646914
15394322
49581940
57420254
41749209
17090941
30182936
5072658
53117517
53591248
46239980
31238988
39047255
42333344
19618894
36468763
5515034
10092614
40310728
59250305
36112262
3082567
8225357
68501456
40700070
57379876
39476866
1350057
15254226
36719787
8287397
32206319
46699106
55742115
7188914
7218205
53457724
44190689
8513068
50420378
31212291
9575457
43393535
28177220
69572010
15873584
5196289
65453950
66562336
65489504
62139371
24833271
9433649
12189122
56480905
31347994
705435
24643283
56700090
29743117
63270712
23134652
14565274
7690433
50819063
11356827
5250602
8941663
9706686
33943446
14565161
65080793
64871471
10870507
63911925
5483027
55537247
19495061
10572560
4370774
7015934
52299483
61331905
50708335
64613058
7732393
60992355
19617057
51400270
5485885
58254885
16721041
64020595
650315
61946155
802780
59798601
43273167
9372900
1425929
23634206
2516500
8387364
1854312
10737618
42273361
1741272
27253144
7050320
20727269
3313709
6866854
48177472
26262946
7872198
43626231
41767960
26716800
37913477
16784988
10846128
34540804
26842831
2378785
20875091
