24105922
1962053
3663641
859950
1487102
2523181
792365
39506832
69815522
1507845
26856920
7419554
12341605
6762632
6493632
2660794
3025305
1824434
36689402
41626108
614055
1197089
4680457
1331263
1492544
6933451
8197394
6638191
943125
11096880
3086457
819827
69023575
216953
5368073
14019799
21401551
7850037
1212776
15600911
62823737
173821
2950701
17133847
7663306
1958057
63756762
13361910
29527275
123599
6110977
10780931
9783685
10270123
32265390
9251581
808018
18988889
18458752
12623105
8245922
1434349
19120220
4809941
17252093
32382326
2213404
7699567
14006487
1513357
22678623
2073886
5822316
620259
154361
3529014
154569
906378
1838566
123875
164840
1165527
