4365117
2225246
10479935
2321453
1255470
820612
5945231
15055195
2304073
355739
33737465
29126145
31026663
369169
1418580
27179492
1771463
1885732
2657358
5122131
56878191
5957450
38029020
1702941
2449271
4790652
4936275
288986
47996
4611917
102611
29084789
32693238
8849509
1969199
328833
45128
5383215
2066981
1550301
265628
33014845
4495454
2518854
29772168
8035445
11361921
5564694
4632023
70186073
83476
492298
36011329
3264162
5516025
1481253
2324495
999183
38160390
2869189
182904
43833428
7188914
15422527
40343678
14342650
1614513
533078
9185720
16407248
17108997
44591111
59523
12703596
9846044
3544349
60627007
3228643
5481264
808410
2554870
137735
4353011
4238592
5455215
168572
42592864
38066205
127078
40985694
41732606
19703171
50822231
6454159
2573880
16353121
55958513
56114203
55992968
7360227
4906408
30296050
58547363
3280600
35651019
211276
21492916
3113894
35878252
189842
51845095
1621510
10113116
16911984
35782477
26560267
3067764
7800766
1151322
5471805
7792577
39914525
5116077
30296113
29927242
1413510
5795707
4155804
5386038
15833279
27363644
26966703
5928250
8700097
3973641
823008
12901222
4457504
1139153
558567
6798905
6251079
1427898
3482475
3696938
2961672
397890
278801
2348937
83663
419224
