25683251
74010
3036295
3729067
4083412
55385
20414595
42148363
61677100
3130616
53037
371971
35014405
58913296
23651778
22362198
51045615
33499587
2101007
1090022
33969106
2388610
832219
1454259
739484
1609380
543834
4804182
18489419
2956241
173363
2514619
2212720
560220
1176370
50818347
11926
12490320
8485520
124273
7997042
444549
23384844
3744018
6392315
14677
24707164
3663417
3341755
32978290
1081905
62343
4549533
13988737
1243325
34463263
1222328
16147405
60357233
3671012
221278
1048518
231375
20887
708300
2643532
25816479
5175799
136552
3736818
2020094
3748670
29406784
18387908
53045
11689
7001267
1261432
2822010
2034719
32682435
7610334
343578
21180143
5842130
4755618
984
29248
2204446
1786331
19121930
23945008
1185465
10156
16925739
789843
74237
205697
11861
949043
177095
8405000
15979763
2687533
1321682
250208
122008
8001429
156150
277443
12964884
320350
716649
2358061
1476017
1254
270531
1081296
2486314
1851893
10642129
36664078
731538
213866
20020828
28620111
16969844
1180974
173316
4438660
5212259
1280472
334880
1425490
915000
132387
5248038
1540076
1633532
5560166
426943
9817733
15247392
148357
6056524
872403
558567
5770846
4361498
1258768
339122
2937358
14709
10175
16375
436679
3873956
38778
285177
231583
2581608
2562976
11721
11755
2488133
1348437
185854
2708580
380970
50547
2500248
31315
1501073
1648597
2503296
196346
336562
58681
2322446
430335
328539
222110
4128
739299
66949
30447
