46912106
1255470
7126530
17661178
820612
14233569
122647
15055195
6431561
4942921
339299
5661085
50404233
24668886
5309976
11155338
7233968
26991877
2349036
60594091
4532232
2620090
58101277
1415942
43565088
64360054
57548732
32152547
23587391
4799656
31496645
14058345
301807
4852457
5237437
47520259
7081875
6188329
5754006
31740569
5491350
5901035
4106928
646388
2683868
29120815
95690
62214485
14547989
2241242
4794413
4790652
1987133
41054734
4752926
18946276
3132471
4936275
1305858
20780197
17047030
12968957
29987220
930089
4389435
5428456
148356
1246237
61425926
7123106
1514347
3644520
30155626
14761420
54996915
328833
1209392
1021858
64178270
16628930
6964073
1090022
33761103
910816
3605414
1570669
1433252
3657943
4586972
4877713
30416437
2310290
2463344
217247
1218110
1041843
175805
3455869
651429
1288289
3659863
56793619
466591
11509957
21914887
3285956
2288853
13823046
1056725
1581574
15580413
6009842
1078387
4845462
5825917
54733937
52957
6250534
3181233
25909964
46170031
43486753
2145462
54055559
9693189
1991829
69789961
575617
6085792
7119280
660741
16059975
51236937
2592709
6048917
14638343
36011329
3129220
6415856
16088016
1627531
4822436
4743700
4218018
2171393
68467282
4771293
38452303
6094483
3968778
361853
6120957
64379516
816882
66986723
5715343
2802082
3947006
1259503
4335020
2268731
466758
57400325
34698659
1849548
32857667
30312141
47315529
865877
40953326
2048974
481947
9080699
2032310
812792
4154952
14572100
3073456
20503347
1741334
1203566
4569378
33070230
1465877
1208047
32600897
8613465
10407130
10301025
2767918
65453950
65489504
62396673
11337672
2224662
15896
38677181
441162
3686299
18435268
32774205
30504760
7332131
19964120
1934874
948622
1029342
12474535
64480768
1389888
56179032
9915262
54505560
4740181
21788965
10606289
1080168
3116964
844726
30460808
67628004
630618
16037529
6185445
5267127
8466551
4282838
425836
16576736
137735
62757575
3304758
23719708
5164747
65080793
6386015
15764601
67383121
67720641
1024907
803769
25332511
12122658
18827736
50896696
41401934
18054218
34680090
1832464
42592864
9251347
5303965
52189545
28942360
6798171
50258915
2145695
660593
1178999
182533
127078
15236300
4959379
376003
18362055
1355743
43530510
2157457
24754073
3489293
4039295
2430433
6630259
2175266
48379552
44311912
64603229
8030914
4241577
2140509
4938681
641463
449495
732480
9522391
2000356
2560223
908297
32666418
62565620
36631060
55931032
55992968
55967568
17654523
12641790
4442516
50020861
27765726
835017
4759459
810934
808493
4912492
4421586
2383243
4906408
2460031
1058717
5673955
1071919
60245820
2177591
1722066
36262937
36104187
35651019
45923668
45924582
45560578
59267912
44593475
44430144
39375325
22581147
8947987
211276
55505842
21828190
725791
4159355
722086
3041817
1809723
40021168
1383820
1191853
56749298
56377011
46843944
56004746
55747869
17669627
384395
51845095
5914590
33299585
36633077
34612475
151361
52693134
49841491
52361157
529547
2351764
2694981
35949353
3195003
35845314
1093329
808306
50184154
44260759
7713544
4778996
38317
47511914
48737427
1204034
1784202
839250
46870121
1737346
47696893
1666103
2778378
4510460
810882
2320581
45470778
45464365
44809040
2015896
207681
43901946
43888503
14015257
43301268
27861612
3509728
7792577
925196
40844406
4805367
31368338
4020771
5206603
1263089
2255764
2073043
3002420
1813254
173702
33903767
29272572
5953614
5386038
7895659
26395932
808578
1392654
21109469
14469596
323635
4143457
798428
1604858
26938959
5141298
203807
1514052
2019063
889863
7249559
1013499
813695
23401076
21957201
9697338
1080194
809450
12735213
55231
7310956
2587329
6043850
3740499
1721404
97255
426943
3788418
5198160
10721109
4821177
714754
4033411
982802
8341533
4088119
558567
1221479
7658729
6521331
1268974
6893968
6972510
1438109
1816772
2537953
6152512
2988071
3957973
923580
5259955
1746284
5107756
4908068
48839
847894
253461
9570
5000480
2639447
884828
2723267
3231045
38778
4428696
171120
4312141
1462433
1414925
246044
3568201
2886813
4360
2961672
2180503
2110197
2383991
2584504
1445190
2434698
610313
1235513
397890
1004851
2983580
2840319
53419
2240369
21837
1916896
1437278
1227385
1527744
1128713
2509687
1468057
2352861
1736449
2020301
1637740
1624042
2396484
145904
112321
2246689
328539
807913
2147562
1144373
1163129
267300
1517027
1546328
381685
217154
15869
1001257
419224
17473
176561
