177370
187043
938799
4365117
4622890
4801355
7235359
9832576
11710874
565777
2049076
5908574
1257138
569780
53070715
2740409
859449
55537968
116652
3427339
5905580
8429859
46912106
820612
8168714
10118330
6996004
122647
229800
1546345
16441219
4072056
15055195
74010
15963170
339299
3699303
5295850
13086647
316102
27788046
313340
83582
18945309
321589
377932
1071576
30982871
408541
1179650
14368858
37566099
423371
2631
3527399
905116
1358040
337296
238786
3733269
5684274
39311623
4929327
4463850
142598
8273433
3445556
3589919
59188887
20050408
331867
4146460
34722652
40373978
138590
4812722
1618324
28080810
62473
48987079
924018
1568755
610459
48580548
766737
49551267
865950
321890
2945573
7711242
118177
1771463
1003021
28698013
2452954
1776993
39605220
8538836
841891
41415903
1969584
67230835
10245914
45437
283014
216284
332925
17703155
215068
94446
5145305
687549
395599
5092962
51533710
1815241
3444927
5819616
678303
646388
165395
1143268
831782
221210
8748649
166539
611692
1755262
59897766
1940314
513910
5540670
115687
299933
152027
2464488
1071692
337187
210811
3188476
5068472
168143
3455892
12467630
804152
32569498
10428438
13708267
19220269
5790757
28759436
14849011
3406249
2449271
11219490
8534552
216129
1593316
396468
1694347
22272226
40924
2756536
5069675
8539902
39218481
8775895
35507470
5298781
547655
62080605
113980
250195
537608
1586932
59789
762524
253719
7279083
25303717
44457470
388132
69220053
14351728
44266
15776098
5324453
70451
12831681
9146290
24084085
294992
276988
215278
6843326
7627069
6526338
49705993
4389435
3954055
148356
93570
7761535
1966096
6877072
401699
86806
440913
2295123
16826761
54232593
762487
3635068
725135
8557471
628974
108654
3436635
129392
102611
699633
298171
70238
402584
1760640
22581293
603225
22097847
62511374
22051470
1
1514347
125257
3340013
368384
169553
574163
515047
12703848
8555480
8849509
872245
1123012
5775806
273789
328833
178598
1209392
210277
45128
4165858
5383215
9221767
11060626
2146625
416936
2037307
51709288
51309506
64178270
50849
568109
893092
16628930
315806
16602416
4688366
400069
21324
39119179
6554
966794
1268379
8371821
8579433
89145
299483
15455
5361168
10712691
3605414
2116632
1570669
1790150
1092692
4154685
1900978
45006
66729698
13481129
1258056
47212
166687
356910
4877713
22660530
224054
24027706
20210983
667070
696544
16264342
540865
274432
1150966
4690002
1041843
210891
5654746
143086
363070
635132
7288857
193607
3693784
29772168
24687120
1779830
5551919
716125
6612449
6609041
430786
281695
860952
10011043
4261477
6388105
466591
8900056
250817
3423141
4284342
11115475
2083352
3765410
49057233
52140415
152111
26784669
189465
3726488
5448974
49154404
2117092
3197967
15998497
39461002
724584
37970258
415271
409442
4029649
60334423
6915169
5896444
155666
6003176
1779180
1330745
957796
164388
1283483
114114
306349
27272706
1022577
3168700
5886238
7552594
886144
1369616
334877
48268222
624463
5765015
17791021
132460
1116195
5415131
865637
3455647
2189986
4867814
2295382
109880
3034799
6646658
51863
12137428
287774
1383837
7917032
178539
857158
43909131
48134006
6316015
3848184
271702
138700
3082647
865995
5394195
14478113
24806763
122235
14629203
4711542
22781624
1411869
7765038
270102
68458919
771551
59633526
622886
855281
46027201
19793855
85827
6085792
119657
152183
11100080
5149861
313968
168474
5244348
4743517
660741
105244
11032305
2031214
277266
916867
13212189
4773768
21693097
349264
8492955
94621
3942307
8001329
144287
602346
56106304
9244203
651464
766765
28120961
430758
23061065
41177024
7416633
7931657
42020150
48350115
63551991
1378413
18569566
7976799
43621357
145418
61101175
804601
12884394
16550500
2649214
10127
1440996
155010
8689005
55485
12938218
2993738
5557513
222443
1162953
323991
541517
6532417
9308453
607667
3722823
2055531
1492849
9134457
22040831
13758424
1762326
7683550
9927610
813351
82944
7364000
1100558
3264162
31245547
8732036
2110791
2522715
39590003
5360143
753687
4822436
8166478
263874
2855098
8063505
352469
197181
10955994
18017720
119788
615976
5516025
4841614
18501936
203464
15266510
4716505
202157
7763247
19185666
7887517
30917550
153882
1316545
73783
3899847
13273465
81305
5021418
71017
756445
375110
116623
9738718
57498848
7760140
5346537
1187654
5074973
1409269
602540
1032899
716369
22939633
18547064
2789848
3929792
722636
347123
163355
28860004
1326467
8446029
86145
8327759
4286628
50070443
9841492
1597415
71454
172918
513331
4326775
3376074
4470253
5579633
1222202
9167192
3503667
630038
11654852
369865
6249726
16245518
13942060
5790929
1325278
25831307
1131995
22123500
13599729
34564377
271468
804856
4469839
36144213
6120957
70036343
7269440
8224280
1089273
9312378
2723450
14175687
6454332
7156450
13484677
9144623
8603880
540767
7900313
29862421
49362156
9670303
578242
5715343
4115211
2773840
19119206
8354857
228740
1275781
2399177
7709301
3472198
2350117
7422141
37809394
784047
7762123
38471281
11559408
808005
2946508
19938239
1259503
986889
23186863
15741706
14180857
2304046
180709
194007
32968083
401749
216245
1833053
2727994
3131412
47337152
714208
1322836
10450698
2050376
757239
5165047
2869189
14684415
38147141
8156637
4470114
20631916
5783949
466758
1098962
8755947
37812134
784408
5567227
58105
8537522
3976453
21428528
32207874
48216
2817658
9718206
3271731
22964556
142793
3071925
7765269
206226
36870
15076715
7188914
12647484
24059962
19412480
7977052
705709
4625202
134888
229886
951142
8540051
8799638
55315916
1769749
15824634
395524
13421217
3414847
865877
11994937
224620
54861412
3234069
284291
7976159
481947
21359189
63753029
4200551
3989000
24772902
5921905
1133461
11042638
969375
214890
9947218
54938358
1402773
812792
15911430
359466
15210184
6064068
20919813
7756832
4395160
107269
3316967
2665441
7761273
1519397
10278192
20180694
9785187
53489758
49372604
264412
111055
13596830
40437
130436
74259
11919117
3900469
9181192
8615110
36639885
30739989
18783729
12349214
20918927
4377312
346457
11679899
3259717
9812840
30934869
5610349
7706843
426137
14901601
3836057
445870
2552291
732791
16898006
8158932
5097315
29953787
10965813
8846311
15132551
1478173
1471564
3505023
1208047
232299
198920
9889210
6855482
5647885
22643743
6932418
237278
8555177
41151
840191
4589861
65350722
65453950
5563362
7827679
58997
12364853
1480251
33292281
6321495
205686
7370324
20927616
2181085
1924783
1695433
46726762
32352382
13075359
11492738
8407438
454117
32407
1483696
20285857
1690676
943708
387706
5794829
34724603
1714936
1269880
5910618
52564754
37195243
681689
578623
69318138
1271120
7271979
2055326
211534
20966539
4052736
25320883
43914
740844
59523
22561555
64043176
19809699
3562901
290544
1401215
536975
32863644
357607
2496802
1140751
10710384
555926
2080076
108667
10599021
11069407
2938852
45434853
50435226
15749460
12000740
709863
7899453
68389740
8698010
672413
4989121
12871091
231375
146141
61436522
265836
1073454
3953372
7601227
26657882
1929756
272455
394652
7952265
7649016
10771499
808635
6481501
7907806
2337815
2298807
297445
2504439
54656921
8554684
48104703
341028
13484271
15891596
368694
10705589
1029342
39694964
900219
21414863
7631620
7091318
875986
583670
4606922
353744
583506
1611771
36391540
31554388
3282664
8119424
33783295
93344
334592
12584954
56179032
7810385
2084334
158977
6439341
137154
3028242
528572
397041
609371
809122
7614801
870178
689875
1810146
3603026
9009742
710198
1713997
219236
43487115
235196
490287
6334677
11517241
8487730
11155079
6116671
5431217
7777686
862216
14229017
892271
31932978
19660049
273353
11371
23079086
8513595
5797266
8127388
4244894
214920
16352914
10453216
11901726
18465714
1954211
3783824
11534669
8456372
1541014
122162
22480557
1821314
811980
5552354
3977662
426735
54601214
4411850
34935340
931489
7833305
4417887
57430233
15746613
4151453
22315460
126109
3033656
6263872
7715722
591868
17010111
19271233
2205174
630618
3309391
68664
2719045
104744
797352
238796
5456923
5424710
139699
7976327
28635843
731367
14968458
6289911
3425818
808410
1160813
980163
3730391
1354862
3661638
7830002
18900626
5093885
149996
10099306
18894499
2504099
2686347
5167800
560163
55515485
3136280
573611
1090723
425836
137735
321755
1745251
10051544
18476635
292563
186460
541668
54214727
9751159
10428842
1267789
7677787
9475195
8412405
21939041
1790514
265874
66883705
6131208
145536
3212747
9131204
4857079
2287873
21332465
2802901
1065747
22600060
4762761
54593125
3030331
32511106
2213786
132108
6560479
4104120
3660293
1509353
8482291
8570990
18748248
982587
387365
6125955
201631
985985
8096346
207962
7850333
63626812
54111667
7728565
67383121
174338
2564736
409643
38880695
1024907
14378792
121036
13085746
46259623
60261539
803769
3418110
8536335
6809182
1801837
2347
122194
402374
30035937
9698463
13927879
8554750
67487065
3080098
3860174
377559
40513684
10756507
9726432
18126294
284562
7804200
9379287
67380302
19920766
6677993
13434555
38758916
189220
2532308
11182123
3021163
1722249
165670
10049175
4238592
330420
5455215
19811612
4536139
8318745
228150
9293170
3572201
21099428
1055942
53580992
224342
22993990
8918426
2408127
134735
27462725
275957
16230531
55594285
943
62420418
52389548
7620793
42592864
8651765
8994982
2260678
108820
9085967
13335335
1779208
241817
6991660
7150761
7861196
424062
16757931
146175
3749517
3080712
8019061
2629169
587539
26682450
6438953
2418421
2114358
246444
11614529
1536621
9952600
10505388
14285510
47006254
11910468
26811474
12616234
736536
126815
284
182533
186838
7973494
11966941
127078
5127701
1348989
19842494
6032073
3211482
3801109
5005821
10347752
140567
140744
604959
9135509
12246273
3905406
4969066
340657
1559280
9104742
205347
60744759
332346
8699990
538764
385094
9122938
7763420
46151841
9550575
223346
61366731
20190972
146213
150354
5260375
12888572
4376939
3558053
45177487
324998
9310550
3335101
8332659
7701959
19661602
284723
23617426
42678531
52015380
217524
1597717
22520754
9558945
677343
14322317
10928728
14794870
6660647
1070814
7621122
646353
2106711
2325414
3489293
3227361
36030
3807678
12493446
19389417
335756
20033272
12553204
12919321
65309895
24719128
8887365
50822231
31510441
18137608
23069141
414009
2430433
26998211
1589537
55994224
705150
8890062
29238938
9023393
1994809
25828289
9131050
4535768
61109
5381325
7760262
15426384
53301297
10217067
7444615
62835909
19966632
3328253
115600
14494
622637
984
11385417
9795176
368200
9299912
10955600
163091
59502877
823852
984597
2042
44311912
522300
64603229
811224
3736677
18858610
372846
318842
59439044
30227999
64459177
9104894
9121909
2114529
14836898
2207779
19890850
94749
1752108
55485689
6439791
714327
63806027
16301056
48893668
16831571
209146
4008575
4315601
25277013
12110017
16943479
63894274
2075690
77896
63862967
31162
4938681
63796109
301771
20203077
12623127
139822
639098
4305541
9012129
423768
5387216
641463
23941064
8226956
38633032
12341714
449495
221732
2860515
5612956
9730145
732480
249420
442389
99892
142254
9009383
6023356
8355839
7754580
322376
28524735
437968
201233
2560223
20405317
62743107
14287998
1636313
8032628
33040176
5817005
39918262
17036714
40078569
51311546
7059163
62538507
1505794
5790410
335324
9913305
10694008
25680636
26794217
43434091
31126210
68514
16421831
7355218
16896680
540968
3604596
365698
19130300
16082301
24095954
381995
15311976
747381
6422850
12931831
155347
55958513
55931032
56024411
56114203
56149563
55967568
19293818
58225693
9014639
5625064
8613395
100282
37119985
4229035
392658
4640638
209848
4547814
4238744
7157519
28282531
5209396
44015880
15493677
7901554
279351
620181
61375770
219072
4924910
61241867
74237
1310805
5158199
810934
1425929
808493
4442776
4896532
8172202
10377300
2404531
167628
1911051
304112
1411473
829122
4906408
624734
1606979
7172907
413197
46927756
30833624
9684280
11824742
39303965
122432
8594965
201664
7684894
7772365
59342096
5673955
716330
6119879
56387240
258342
5457652
4601752
336511
54402617
4624206
17347462
6815097
7633584
5761272
33939188
8334064
11961800
37113449
235304
59615605
1437033
5803933
16261631
9411653
4354691
35651019
37177814
59459077
19361431
246137
7801560
3879354
18000528
10463485
8198883
1162865
57210491
6003536
2655086
322469
8202791
54593263
5288848
58811107
16277993
3475044
17967399
127556
5367402
503680
177451
3130962
949496
7868643
1571119
211276
545266
105093
51082809
1163137
192603
2828586
348454
7818106
2308979
30815251
6184457
20225361
6065303
5677236
20905970
3041712
7476391
909827
7913640
285648
8849270
722086
2637692
5680167
1144985
5742257
368729
14324170
40315749
94063
2769015
227680
5364935
13001238
808909
1891851
7149354
51305945
891540
11982391
4311658
2830574
43251227
3113894
448207
1191853
231464
641543
7801016
19835706
783655
7903456
14825067
189418
9096044
783093
250208
56224924
10709220
8482560
30941492
3923522
79482
44033018
1529754
3648303
7688055
9787589
779027
1232344
14711159
9748196
13630425
25594784
268706
20187358
5786932
1090514
1309343
156150
384395
599576
7871867
2322278
44723
44817999
8228519
1115724
4677477
51845095
141912
31238400
5097557
23996442
647343
467193
526917
21353008
16409755
26032402
15989763
19653937
8435964
151419
234004
13093647
54261076
8164406
52603840
42945617
11860152
3168619
1811610
10170845
17473460
2167385
14287823
145500
101803
16911984
151361
8447872
25559474
16901887
5486499
613126
4959079
71940
52576785
33972774
18791222
4778068
11359603
8492230
130373
19081
267371
26877161
4594952
11754424
2412556
25946803
32816448
13179446
51788290
228171
757256
15352359
12670094
51564766
1652558
9509203
11126093
1908192
50482187
47213455
4206268
985117
278416
48450835
8773351
35845314
808306
686002
5244617
38253741
3300099
14189574
70007
662335
26775067
321400
44702673
2270267
11546
7173361
47783516
2738266
1657048
49704257
9227027
4688000
362061
49468670
22372341
19553329
1529727
3686971
35126803
960990
4778996
611100
38317
8345947
194332
7812702
19561800
8535194
27970068
597559
5366841
19546130
10415410
1682769
48117220
23179166
356463
231315
13955740
9252270
8715908
24812502
2318958
8041460
8333128
10115251
19623921
47573882
373196
5585376
12355984
50579
544298
17017441
11990240
1964649
39678713
5599830
46767946
36769372
23158122
1793232
730889
3324099
300733
8630152
3613608
26819689
35692070
10507804
219951
1254
40511589
810882
3281009
11704978
43265486
9877968
3035901
784091
9029100
21197879
246933
20785379
3236051
16380430
7876280
156374
231662
7827684
7296873
1196132
3880151
8678016
154349
23962086
103033
213286
39117251
94537
234014
80293
2556670
47878
405403
3327977
8372820
207681
5956499
43263290
133133
11240193
7158962
85883
280190
7044290
1605131
14722574
516907
15830490
415146
1108096
15830668
7589427
7076844
12575840
10777429
28187857
7698024
150142
528824
155313
20968895
4240041
9210050
3273492
6006098
36300148
4825
2099260
14406120
4459497
36110297
9325642
8610751
654420
41474025
35455980
27610854
7940030
7396419
18683396
390090
25301
2580002
34982277
221204
277083
2839648
7709462
52663
196832
1241361
30548632
1751394
533697
30769
38308281
13287164
5201810
19040017
1461400
4017480
895578
228011
1263089
4193472
39081865
31835509
3146144
16765901
1817857
7292354
2165113
12673144
288163
499719
7763577
116610
229642
9127225
5000487
11478261
91437
17921931
394752
702518
11412906
396856
1834610
4326045
879
3563158
9385498
13239240
3215958
4684099
15650042
268005
328718
8989276
2916625
9145178
10924956
176519
8073806
17845772
8331359
8466913
276880
4297068
181509
904665
13751121
7918683
22610603
8761798
360823
12622085
9095595
15536
9266491
368933
90815
1598227
4633649
6237765
12246861
173702
8534029
15942512
10837087
3510053
20238446
640559
30790385
1171439
9195085
446536
86652
609868
16669661
33283920
3058676
6706116
822196
114630
44417
7563839
7424072
5780671
5144415
7083370
2738901
32566034
8338019
5699467
9131821
7561126
7319217
32337657
10759961
14248122
339124
2380496
634430
5122126
5386038
31717531
4074167
4153317
88347
2498333
654907
8116950
7608775
581402
173316
153723
12767940
176939
10314469
893079
7619645
479924
30633331
13493183
44267
13112178
14518355
27581393
11377725
954219
8792569
735543
2753152
18003191
152503
32154
20124357
9765682
24116613
7816380
7713360
290990
260868
4863211
157031
4753586
7831573
323635
11908
367145
997978
4695145
94300
4704258
1726207
36970
26167900
14740050
3320580
21105949
362859
3671285
934839
325499
6758034
16087012
26938959
3555301
6254465
2157531
7659676
11990177
16705919
8527674
7749384
562809
4207779
13040469
2169866
4286650
8173463
767588
480776
12699179
328450
227750
3049459
18327680
9049702
9009285
7820771
1013499
8921903
7122157
17818171
11181882
7859366
580144
14634197
1527091
22597645
1660806
813695
613989
8491053
617173
4314498
7534028
24232490
16833581
4987781
2597583
8275909
424561
11168567
6198988
331829
2243684
22990294
6350403
4787031
7736114
617014
11497455
7609538
21455877
4257640
514204
590899
987533
9670441
7637678
14402588
1547555
2916725
15937189
181357
7117017
22184415
19060495
22022200
308057
9589061
475918
21812635
229520
11042715
16767827
15587511
1080194
7707128
6161882
490927
3973641
8170861
2951254
2916641
15906217
20641068
19724841
6945278
4254895
17726203
20712288
9147881
10158117
9129936
428438
9451057
9974774
13166904
675327
604192
122261
582240
12226246
3346702
862616
54314
3740499
11903612
5051417
16117675
2386735
8759952
19172686
661339
12310844
943886
490598
9115996
12965487
7615713
9724892
717178
1721404
18463159
15012265
9793598
8161971
13653371
8527421
18142498
8481780
10245191
18076492
17192445
17678585
8533288
17871717
5612473
665761
15653864
11097240
12820654
6510661
16103134
17055959
9111582
7926257
7534852
4236064
326867
5241644
3963339
9054179
15565547
16354927
15872972
9845956
8777224
1787114
11503
406630
15158320
4457504
1963639
558717
15149649
15029117
8203437
3680893
12136701
756935
2625702
14681195
14676647
643567
306391
649543
8257286
5336214
756219
1926800
7838237
9434292
972869
1006828
1009462
12917080
8342255
5075341
47585
1741205
4169100
13141004
3788418
13240086
13226097
13189276
10683883
2067757
7721058
13110299
12973323
59553
8032137
8142921
1662743
12346336
1398906
12613820
11221940
3410595
561434
9799642
12068297
6991876
12224447
6423257
2787752
421625
12001406
11890104
11834571
425623
8988
11620705
7614555
166165
7615788
690597
2161441
11449639
267982
11231995
11230927
8209559
11126685
10708225
714754
819968
8236618
10708591
8905805
8436827
302863
8328856
809854
8760609
8482150
9090225
6232713
670023
6767914
1736830
471774
9803296
9779053
5796854
9704566
635509
631336
401012
9162778
8367457
9190361
7918443
9104776
8155792
7608789
982802
5070438
8177046
430841
8710065
8146535
7479711
8488761
878048
8435803
1132598
393578
199483
8188082
558567
19000
7924371
7835462
7835403
340931
7743158
7707590
328653
130652
165647
73438
362091
6893968
429245
233531
153166
238977
737766
281680
783284
617927
332234
6173738
570991
55922
2208
534066
695169
339122
890152
537253
324937
2537953
26269
1728868
817202
992827
1467546
1039337
526019
720073
661795
785000
1485324
783200
14832
1330683
200774
660855
200139
4252128
151247
512154
834219
745239
942583
1435687
178963
215443
460259
1260156
882620
46282
937068
114104
15349
5086925
186473
9570
4945545
4862500
8900
4378157
723750
1279679
606916
38778
1670599
528049
85686
290101
392807
456712
786316
833988
59487
918049
356305
1405104
547264
907781
646871
455599
94318
101088
177075
2850865
754081
161855
425628
668007
519374
372930
19481
107799
452524
1000232
842583
168507
758860
868823
353486
3116262
497194
1618337
151400
171488
442384
497488
4360
8947
2890292
676855
428958
396084
103759
403155
2181436
2014248
288452
902254
256951
172023
703793
869967
483188
186877
384960
881622
369269
36571
2017058
50547
397890
107623
1032401
2035346
96007
1845
170603
175369
820833
808392
1174007
497911
954819
196346
1653238
232124
441996
278801
200601
2240369
573660
1002217
21837
124235
253100
64938
46223
830098
393401
246474
716442
454171
382362
325633
310487
161865
903356
181967
814231
248344
473157
136915
848125
155400
667029
74073
2139466
242802
253899
1632481
769842
352499
284153
1571131
1983536
145904
170382
668832
2182214
815294
112321
952242
430335
493375
328539
1127715
807913
850735
108044
870078
2217030
537648
360801
879919
647335
888224
337556
269081
186042
294420
481691
343451
267300
765022
214918
815460
7797
221703
671130
384401
23178
642614
399385
368825
262075
1420105
707072
4128
402393
903895
935550
578796
504064
443729
123169
188677
84233
739299
230065
21724
931973
399825
315376
415354
346852
8835
406075
1228201
202112
953075
476570
369213
395586
868976
83576
352823
175669
368279
367936
699701
458143
212781
1369504
914987
1114808
438523
1393
210013
361476
357877
151886
490089
397234
472346
331117
209525
1130943
830991
278232
403774
109253
370816
1246221
517581
1230292
391487
368567
231208
51002
352763
102567
407665
411522
498854
489336
48512
414109
431108
745949
1023307
290363
419224
436003
19608
430425
653907
578952
546927
1039264
448296
468903
41178
799030
941009
481230
536388
607097
494504
368297
129407
831657
422396
428862
345528
877002
10891
683337
817916
19605
45594
589780
355885
230392
466720
530155
504737
531312
372986
559599
331060
486722
613524
445770
459316
461152
605241
453723
434636
5274
490425
10223
459060
467138
490769
529550
377922
