4478323
7195856
16802576
210811
30024565
21150899
56058824
13233041
7418205
2973840
63404389
18761789
17056637
13416
28751171
65287320
27585
50091671
57488569
59071811
40162399
27719437
30394
630618
41207263
41488701
46339485
15772993
24669520
36691894
66643563
46637034
35399742
2802957
39343282
60831294
362086
10589429
15238
12795
21141552
21143691
6718873
1462960
16960330
24513379
61512727
14959
59212820
13997245
52860701
23906394
9753639
122008
50258629
1084636
12670094
45872657
41573177
32862309
1152298
42663622
38257611
28658
276880
30595321
30038396
31328
8323912
429948
157630
924672
1576715
31244
10891
22697
