1225722
5984835
36711274
17648092
279559
7873370
1896432
406840
69347880
17614576
4328847
1284582
2626665
1892874
12939109
2715567
1893202
5835468
159622
13066049
63080
136147
40227682
4847323
24521503
23874
69376626
19266572
3030594
9552255
23923842
7444232
2764256
36509166
2950354
2819803
16775
22228628
9496613
8972410
20425335
69238
31057376
7715202
4086263
38646295
1275701
224088
4507378
2257318
56530705
864600
1245175
48248896
5537258
29667035
1235509
6021551
275762
8610992
4594833
18748
1897326
