25683251
12342179
3120703
30706760
8706258
22055392
2292674
39658920
12904449
51937651
55238773
11401679
62118240
53548013
16265255
4275523
57767
47196478
22346919
67833432
22120546
27547917
42157045
3260533
42933739
46622644
58398280
3729067
3175017
8148922
27438175
49415231
34204757
33646500
2798856
38018111
4368030
55385
5448983
2595523
52692605
3190250
24297352
28792952
2113369
1937782
45970249
48234354
43579257
21030932
61647175
1736146
34910355
32374363
26986099
35855837
5841104
28210578
17947512
53610660
51195220
56415353
54894595
54268370
55515373
211507
6270787
13162061
30094118
23651778
20772420
5331080
46356752
41692131
42249562
1273859
2322812
1627772
27677207
13888255
832219
39808008
48026950
21992267
102094
8439904
1609380
53165685
1162210
68756709
8251911
71621
27858656
25905083
23380696
15950169
20303616
263972
35241629
52379761
17191009
44061623
42496570
9163
14840810
4832957
56653554
26360862
35618558
31694620
25142892
26894747
4218745
6937404
6033252
15847373
65489504
74836
6216217
2580654
54505560
44723986
21415260
45347268
13159702
28032025
21252514
39935262
1254413
40739729
40581830
41363165
217524
21180143
2957379
54299330
5961112
44383268
42648910
47904506
45495452
54044510
50988885
34204717
52477449
56004746
2028147
2208163
41873769
27246958
32154
80115
50547
621529
25756
860728
148428
