5366052
857820
68030
1373559
4754996
339101
4859447
65373
135573
740688
2218833
59357
198890
1349363
1108559
501217
602581
3168456
359659
167485
601119
102611
699633
1317618
1110606
365671
1928965
3960478
782064
214910
1033745
5026841
1223249
436949
2013117
3030581
3892397
861433
52892
143331
269157
4217451
589936
1697056
5042146
1366504
1660601
436629
84385
254981
170623
108924
203022
2662229
2747546
433975
2805491
4959002
1376796
1384976
1804069
35683
1466848
17002362
446250
794929
17158800
285033
736354
802066
2706782
4043896
616531
229008
1008236
257233
6167412
2738901
150249
1935878
5218057
1219695
217733
