69007718
33689726
2443960
29084789
32559415
38847631
42858141
26121754
352114
257384
66968043
36886758
1569373
7369637
50969889
27915367
45535734
5397740
67061553
32129470
10501346
69971673
10036080
22294333
27234043
1581170
43454341
41592407
65703389
20267159
62346293
4140218
51217665
642165
35016777
275861
1560270
53329375
54958723
41104069
5934284
39982056
58466965
62067768
13869750
1920801
5637063
27199632
62947641
61566460
27460658
50772356
257386
258292
32544633
10509903
26954982
272458
19525149
50562165
49703291
19232170
48490970
257707
3656008
42883875
11332754
15221058
10816151
15322636
3708339
7617761
2612622
9235964
13292875
7839789
19525409
18190707
10500988
258312
272551
258307
258571
