123380
70523515
649616
8943599
6073947
2049435
36020236
10498107
28724782
1737187
4643924
67994257
7704179
8713236
36132716
7979917
1406371
21553176
37051907
10768416
50913808
2482102
3649256
2218392
10779462
16450958
66096107
13613204
69411898
17746299
5286197
5321647
386636
17582775
1303408
15696415
7299755
66125
22093994
64236563
12192784
54030
10887441
66258520
584803
34893232
262110
6014569
24472300
4892364
1443706
3506804
4988923
10121341
47850867
22823552
386296
63912363
53063378
3881685
61390595
9594614
9952079
19382753
15784639
22673755
35177743
13919289
3221008
2218442
44620867
9621357
8973906
15976475
52576646
52243761
50704432
49470536
7942978
9643576
43380594
34442013
30019521
41162012
2619464
29899209
32239741
37995567
9501151
12217819
11500749
10653445
25837080
11239841
21108648
5887717
9473801
10761185
14509097
7965734
12525539
10802520
55067
