11401679
1524599
57767
869959
13198822
42933739
27438175
4083412
55385
20414595
5448983
339743
48234354
837719
22903752
9041733
28182759
14826653
20772420
26090347
16266948
44369170
50849
2101007
3065921
49707077
3258490
2920170
7900569
1580639
32877062
18446267
1454259
18575884
49649150
271721
20839920
14116693
10712733
4401211
14485179
2922134
560220
13331064
17588541
7781294
10197407
21778751
21614058
20085589
9492640
22121130
12012003
2670122
1222328
8759005
15567430
65453950
5171063
4298514
3671012
25815564
8118219
21076456
10840683
21541426
10643629
708300
2643532
25816479
9904504
1545985
19881028
40739729
29965387
18556386
3205987
2034719
19677082
36404603
55786999
4686978
37793413
2090403
23945008
5069897
3951868
6142491
8754325
9476469
2998173
49462757
7544854
22022770
12569625
10642129
28620111
20103236
3216488
11553321
