6185856
25609723
56037852
41563115
2891898
4680678
69444265
68096425
1090022
37841891
12174107
27700
668295
102094
8796
17323730
70077901
1198237
55455675
70328162
60397461
44558301
55072993
11255614
67636177
33814060
2115055
25517080
20756772
52545740
13145412
16535594
35197876
8647860
249736
55393257
14187346
7203
705286
2565701
11172760
56065606
62615575
2823234
21001203
15134530
363638
25232613
27614196
68153723
69568609
58935659
30451908
3904698
10714134
34626952
61535286
34686186
536975
69149066
47002783
15917071
58439934
105494
18665413
54180412
64570035
14155015
53410874
61022100
22312415
68688386
53219850
56188756
68362716
63820266
31457305
2832
59174499
3074151
46481668
8204078
21967262
12905780
68230276
1594319
37778914
38568969
1018139
34259370
65657424
9593383
228150
46628930
680752
17023934
52056423
66696623
66308084
12849793
2822010
31740465
66254115
1828811
48977403
51545484
63747329
21549155
57182162
52275389
36475085
42172979
44646456
1548956
46758729
65597461
12829919
15238
62743157
65348862
36989735
65207553
12795
65097078
16798951
107786
57880260
47582528
12360160
15736540
63261473
64147348
4309834
22302994
45205718
11590
24555750
47612111
34315294
62569851
186668
57904115
38212043
333999
15316127
8593685
42081935
123245
61161691
1315445
60797871
17678431
60669021
48256437
24623087
48201495
59597912
52227511
59141338
37519
5942396
43513471
42793418
19744982
2098137
58574497
54401118
11728716
36406945
45697213
17109340
11221307
5770580
19905736
56591612
12669978
54090317
56188509
12793491
46908062
41398865
50251675
22606107
39131730
55672663
55015267
54961720
4127791
17122641
53687318
5358651
53421571
22008826
22817928
53209513
60764
35230180
18307720
52145760
49784563
48161722
22634965
17965397
50329206
49079904
24169
13021603
26855621
31134769
26105750
13807818
43524243
16791238
4571949
3495549
45264897
3920118
23606480
43807344
39098886
21435482
43346539
5817377
42790681
42737615
2626495
34395821
12771182
16524586
40845334
19899035
40007584
308218
27213233
39903719
39187754
12733875
32915048
26757218
21970653
36743161
21617165
20217979
34902939
26979
196317
8829849
34494900
32982321
14215256
33510696
23534642
22167324
33058868
20861773
19889488
23596612
22778394
16644988
7507051
31012622
106301
22013199
50761
3076169
30469
20247033
24836191
26166772
27541172
1867365
21433079
12829625
25495652
104166
24719984
16274718
22058301
18451159
229520
16279685
21549578
21549471
809450
14825501
19585548
2759794
14949215
17526236
1217323
212624
15911794
15687079
13986313
15510647
1476854
14128651
14070005
12084346
11688106
4002756
24204
1258768
2208
26269
770142
7993
212894
155992
1348437
15916
3150378
116753
2800852
2059385
2826841
105461
1217492
2629443
157174
2499852
1237525
2147562
24174
1213305
1252475
8942
1284436
105670
303009
231208
170368
809096
27828
669481
10891
788974
45852
693609
680837
84409
254526
257579
221665
333910
106282
106515
18329
163238
106014
55544
131755
105627
16431
