13256886
5806993
4608089
5498027
906700
6101119
14324573
52615955
9178671
70071599
4233329
67940555
17235517
6157627
7115420
66847555
2019823
6443093
64187600
6830791
38477848
1524874
664112
27706298
1492093
24308319
53454872
65546246
2577423
46830850
21470058
22469556
61159402
41679501
938328
291993
9720827
11788152
10474986
65550672
8301695
26902040
39899126
63853820
3287820
54401905
6282156
47794004
6160902
28027859
37362434
7934356
24003593
11372927
4286581
16436928
289224
12935224
50790108
3597176
27079201
43278467
23882826
42192972
6189267
7565026
35712100
897210
289497
11999848
10555698
17741333
13786686
10439717
4125708
1283924
264082
5017913
285453
289828
906753
1199602
3424148
906964
1440188
897388
1307057
989258
