173100
75816
3419322
1874214
128642
343130
11071202
1754281
5264745
305562
306068
15971029
1699626
23031663
793535
26406665
5900375
32929353
253246
1708252
4614386
305578
7354669
32414061
7642193
27378562
11113521
20844899
17956542
301355
14614348
406199
32866803
15238569
291097
3307044
289925
7759224
12086218
17632966
31942982
305538
28112283
24219571
24792148
750093
19121429
662502
311757
371569
10200574
305551
4554685
693263
382694
691627
22077
387399
306555
362337
289917
986055
262497
312963
310776
305597
288416
306319
337248
317195
316723
307026
306541
306195
305866
290196
