8091205
5785443
1368832
9146271
25566890
7152480
3418625
39979
11173274
14389205
35313436
18603614
27620256
15987917
215410
29055274
5248410
1374598
70425664
4023215
13663562
25481795
6019621
26294277
3961502
34403793
3079240
35923928
9650724
2375452
11041997
66337320
18328483
63521638
23112722
1658169
1367343
2588396
1460955
64993179
5098638
1058451
54907944
65453950
29992240
200803
2797273
1862449
36105
6234209
66369350
59451871
9547426
11103559
27576745
1598772
19835223
9547534
41642364
57220747
9247164
3568327
16763683
40904972
51281868
10921380
35848109
16060090
56929474
62737443
63107796
38323420
19945650
12045729
37345190
51273557
61325775
3050274
4047929
10168336
7272715
10818447
2875876
10045753
19918092
49820505
62657136
20912484
1328599
3641196
19808650
14345578
61006279
50450342
7837199
43494896
57922807
49104705
43659166
5447660
9824310
29667317
13254213
1757646
9246146
36027460
2115412
21424025
9435245
21027172
51279095
43739507
11490780
55366689
2059435
27448619
45479187
1974317
16063068
29447270
4336022
39244
16739172
16615450
26135523
2363416
3060213
40258834
28838493
18539771
1757289
16610688
5008586
12684085
288989
2598359
15405692
12664862
286832
19126465
5037860
16407284
3009809
8404214
1613859
5009616
1303268
325608
1614232
875158
2384551
285672
2136856
2057863
1840367
