6919411
41991329
12246822
2534990
29075151
4310848
4550230
5079536
22994166
2033217
29434416
4232382
5396526
34955675
38270784
8297097
15389683
11256995
8259097
5500528
1770813
31319182
54792869
15079454
10088740
30664269
4802016
4237330
2517155
1090022
16564718
3106572
3780566
270596
8021666
6378663
8240058
3177187
39420372
11223355
2841425
219627
10191481
2935655
4800467
9416780
3334785
2336896
15245334
3022008
385907
3729277
6035939
7218411
12884402
6093260
4669271
3664021
27516330
11974365
20166714
18387666
11736964
2717148
3501831
68392144
43586379
3495543
5322041
3162689
23594452
7264066
58193728
58781371
3235667
65710479
13087940
3972434
8494061
3535567
21617878
376617
13808239
3883725
25028501
14453475
20423726
4769234
8192172
18766794
12176427
40301670
15753324
13361792
36376140
15697260
54045412
7309291
5329974
14523461
15144386
50237683
9294611
4120810
62476340
915394
31371447
3038404
3160740
4560256
1546427
46226306
10970067
27243029
7706676
56067692
3259338
15528889
8708454
16503197
5239655
10168786
40184747
385228
11358973
4936074
3160184
5669146
5185758
5912804
13963552
11303274
15697014
15949691
3792404
29491784
4088374
3006709
24348737
36647484
4044953
1489887
23408448
14502436
13347323
27616621
4413306
31530376
2873699
12436748
28281287
3165048
22540446
13554609
9605173
20683273
3160033
19826396
11437035
3347826
8125454
8120486
4899951
4344587
5125389
5571984
3166081
3160364
3169593
3161783
3166099
3190398
3163105
3167366
3166112
2663652
3163559
715479
455161
