15888001
8599367
368384
5353666
588506
17192868
24095165
1169155
14334050
16278511
1279885
22490437
13644137
11572017
40794060
48427291
28215834
436898
3402652
19300913
32294969
28709188
21403832
30252479
977670
1679257
34753082
13384235
26412847
42663022
43134748
39914461
41357198
112153
12807966
28837307
18622809
6900392
34642819
44626956
690315
29136737
51280106
22766180
20929933
12891705
24638373
18586730
14621265
32518374
14224211
9157128
641312
9206558
9038589
15739374
12808961
3132531
16264805
10587668
8975158
19179065
26494750
13121898
7755126
19429952
2283022
15721029
7725153
167408
2543563
