45534129
45618
8298541
178746
9707921
37319161
44269552
3603030
51700846
53986542
19614550
52096845
8630194
5921093
3693784
190820
682610
3726488
5304886
10386922
61775581
3369568
604516
3512593
42191636
51386854
27777750
10212140
1986238
7977120
192797
2003668
5550972
5619151
11126882
6372172
4867302
5567227
33489912
8323584
64052107
1402773
9717789
43879432
1294458
2976871
3900469
15332213
11229446
19871614
14425916
11837228
65489504
10554023
3344259
302852
13911128
23705907
14968213
15804773
62630916
3188987
28885102
3603026
4611201
64971145
31958402
22083233
38498857
5894478
22945197
37544234
18289052
9843292
11039206
9816823
4827920
63902104
57519787
181095
26786777
3523529
15214105
4739647
5782183
2409065
2325414
45102567
5841600
20857752
13057751
11126515
7760262
4344269
9795176
21882080
15971501
48021571
5853258
21558667
3310365
11141186
41712665
662695
33914324
47951125
52550044
60914145
46513315
37726423
18783175
3379854
55031352
1630617
13905749
58764937
4091189
9310931
3918116
2160479
13205441
43555707
3648303
3082783
728917
5786932
21766201
7528038
35770867
33879296
14099194
50518892
151361
596498
16592677
278416
40724183
8345947
168184
28563521
9257838
9089511
39380882
11291911
14601378
314211
173702
1200937
14531693
21352953
11377725
4152015
11114159
15658752
6982920
21770539
11263394
15653864
14612522
809854
3801908
631336
9478807
3301686
6078619
206137
50547
