4412069
18383778
53165
2933855
3994117
35113927
11204272
47347268
8171153
15896120
17943352
29402621
3695758
5383520
144799
5549775
15738127
43058347
4643325
35841298
4622891
11968267
37923309
5431458
18725547
11602286
17025129
65909643
3263980
83144
94602
16125562
8713272
12554712
40452101
15912596
47520259
13215314
1711431
2592286
1736146
4153601
5602861
21077643
15289076
1199525
13605452
6431467
5872667
4305446
55066255
23844719
7861140
37718584
1899725
4922810
12831990
1432036
49816922
50359355
1321834
759239
18761799
8463734
23795155
2897657
1283234
16513891
2923020
6814503
27245594
4759020
15659216
38104
7905098
1347636
11255849
2106642
1325766
80226
655723
75412
8461882
1445120
24048474
713366
8608191
5958949
1689574
39643385
9053523
5888427
5003369
66215455
8824860
2223759
180260
22114191
32711916
7541761
27131392
97546
93560
106460
1854969
11024845
22354932
18844928
51693394
2104313
66626059
31314880
60844275
1321103
3406870
13827890
3566990
19875814
36408986
649572
64262798
31923000
14899
11829518
66298877
2128598
48077865
1143572
60331285
13266158
5810068
10217288
276475
9439866
32652911
5036644
32944
5220277
29766292
33599879
28772433
17117710
13667254
56239636
88179
30924180
61858624
6935642
40281615
11475497
7289359
30646
31248601
3923246
369727
196376
19328973
11903476
21354117
11995829
5492775
4090278
5226225
33620771
39813305
5901415
26420962
15364543
63277141
45121339
62866850
3185803
59929776
61116
2732220
15271904
962941
38165778
59486820
24103596
19244782
37093059
59486900
45282973
31945
38932665
20832670
66840
55711
4314165
34612475
21368997
19084319
42789455
115082
36708224
18181246
47280932
35500692
587390
22156614
33238192
12067845
64325
1579860
7959338
94229
35246016
3878490
2494301
49806
7299731
3239592
173702
16399720
31824234
32768360
8872156
1265719
15679943
30606469
975709
1817929
26301775
852500
407008
1112162
923580
1568827
2145190
3799150
129431
3022854
92164
2732219
204529
122269
395947
220392
