369169
3331651
63966192
14508963
12084501
2145224
30674546
10685246
26173160
8677375
9338797
1444324
52061910
21094011
28349711
6415066
20487892
7339134
20177033
12108681
67954338
51009815
22936082
11618179
61064705
19055178
11157545
2003608
15452962
64549919
57816216
1325054
53114575
44324202
15154805
33665872
21021061
1970144
10687736
51875165
7826069
14809179
20160815
12731457
23632254
22625956
21095475
31506114
52020859
35820443
41311994
55916337
21337364
35811393
13375901
24783452
1958172
1957736
16895483
13282970
331074
1958073
9157862
13077471
5720912
13450562
6211580
1961452
4341909
1970206
1967973
1958035
1960139
331814
1962511
1958796
1958110
1957885
1957951
330953
