851655
46302406
3139817
35473400
15021677
11772734
676532
678385
972110
38919
35870
8004269
5633389
3423500
3515917
3323240
1505928
44697747
36329036
12398921
336522
1020348
38887340
1343769
8597
8584
7718730
60443728
35812
702181
40345221
2850202
37148542
1884826
4670801
1494489
700924
40023
7066729
3418685
745242
11696259
43019076
5285471
700667
51108408
47500204
53343206
63225363
2551383
1196753
50922823
3628033
267341
58941029
3738688
7328330
14194340
33456
20787048
885172
13278363
1537747
1695690
2165091
700282
25247
35960
10446074
467005
