1755971
3821867
21795843
15338089
8109894
59612646
175164
547655
3041948
9782116
570470
44235579
51104787
45728441
827171
54304496
67393729
35739
20834010
70388769
20833247
340253
64429183
361525
3271598
537514
21426015
8537966
11072363
17266037
3169269
2961557
1427689
223015
636962
22172988
4004089
69493417
54734374
204634
7285969
3992592
10451771
25536753
1153142
13226186
22974956
538665
10395811
6152170
3102724
8579300
65572777
1439546
15222174
35145369
110019
538764
20110687
515143
55771739
10232105
19575195
62996529
4112871
33718211
11094934
11820359
528596
13066591
60445017
30916228
1060090
640084
359423
9992024
2110512
38525167
3768957
31489188
31821175
23559162
3173568
5799943
608598
31939056
30822508
1691908
4250659
22881770
373535
12861294
358924
536616
9846141
7345142
8681258
4250892
8906800
1070554
979960
4339433
5061319
4345338
1408123
371982
47450
339266
597778
383737
