23385697
1450485
3674589
33192803
5047089
321314
19009712
30809984
911564
4811358
3925918
385927
8298005
330933
41097531
5597242
13488657
15929981
5521956
4631442
67532847
3217937
16246137
17012264
29229918
840676
12681695
2747546
733655
2127739
1535195
17252056
1064949
8618394
1884339
15930085
11629870
11912589
11291470
19856017
1530225
10485858
1250924
7502770
363184
9256003
365698
12802829
3158923
17036006
4753397
4318368
1743795
31960143
4959079
3480643
871255
1280066
2620938
2849679
911131
837899
2199214
7346030
7262105
956067
4298812
991153
1264741
1243228
1144867
1275566
157882
1176444
1151069
757586
1143016
