10445368
62652938
20098099
14506770
57877460
35140270
4142637
3327565
49012569
44292149
34103115
19157249
52117686
10949096
63420109
62742149
28757617
45537293
13266918
5566937
8417292
68670358
26107041
9271810
33381882
43765347
26398490
55487916
671950
19257554
5387698
65377093
28777420
8754549
43069595
59042424
12104159
23288056
60838989
58988457
57875387
23210214
28068203
13987586
55078178
46855057
54274812
664150
18148313
48961929
1708241
3720036
38511380
27565268
12684705
1340891
666694
20068689
19418034
1584103
2053166
1912594
371872
514366
368912
370791
372016
370949
