4902544
5237420
41993
4590441
2263813
3285797
521427
1358347
33622
619683
76115
619935
4389435
32989
102611
3135769
1058948
2110277
3313330
61568
1041843
36053
3794636
3289385
886144
1546372
83157
5918326
32642
13006323
81305
649892
32974
1839090
2376741
32883
1350110
1119506
294067
24274649
43334
3548774
626984
406662
8021530
2195703
46545
4713767
3117192
1208869
75038
2131050
1139256
8282597
630618
889764
739402
3660406
1228597
424062
2225214
150354
44311912
45056
3676563
909006
1162229
60579442
4578583
34996
3918234
5957833
2925685
28314265
211335
3884297
921077
41065
10616202
87625
592028
61205
637102
5211856
154294
41801161
103033
4401439
7037115
890618
1033675
59075
1419868
5191328
3508647
193119
1514052
1301032
117513
11035846
624063
4382414
996872
5136116
878048
3334056
6893968
47395
1260156
1279679
107430
38654
135851
19436
343451
1228201
791313
333702
57933
113839
