24614812
5932128
6523994
3089979
13824630
6051915
28745843
15145321
16547662
8538360
17947331
3304181
165311
48255226
6049601
60326455
8677557
8664556
7368122
10398898
132506
2602578
3145564
9177646
1262860
2261955
10897137
8492569
10317943
39044640
67680170
17265357
27656101
5978561
6677228
35062549
65487466
22666421
4175139
47055862
759661
1593850
15680906
38567620
15066696
79506
4021290
19096328
2184567
7738275
9424075
4919871
14860244
10034551
33329335
24878022
46551777
16659470
10725763
8587229
8681619
33291579
24950451
13204178
3988970
14853445
10359687
1132759
414443
1237788
415085
