12443776
1526851
5870882
1334753
3978225
137418
776938
6135551
4801355
1627983
1450967
1262683
6237864
4675995
1254714
5974610
416390
1126891
4100763
348979
21432277
3699303
5051422
3258178
1248986
2824853
763271
83582
2156200
3816725
7195856
5894339
870755
614552
2442385
405390
12876718
565487
1257768
11875303
3673972
2413336
83144
5022264
1433865
3486036
9597362
1758411
4744217
12325541
10070005
3023823
5204784
4424620
1415047
3932524
2774208
22718585
2624672
5717792
1968826
52238
5978254
3496736
13808002
84023
10428438
5602861
5790757
2658311
11364678
1895570
68039236
11513
1050800
31156431
1811095
25921063
4218875
1697111
20769019
155411
5692728
9582057
4683881
8849509
849756
4402387
3040523
2025965
17436756
10299264
1875193
8585192
1629074
131922
2990467
2116632
6203616
3891953
45006
2310290
5121522
3583076
25634547
29724472
27864687
6609041
5753689
4323157
7281131
6948706
2434680
2527076
2284352
3713377
661076
10056154
4356179
22421492
332276
1085121
18344681
2069203
925949
5237803
9374686
13499645
2854516
1711167
2139436
15415401
22246642
9976057
21213959
1610661
16587936
61519
4688532
3893980
4292640
30955869
5635267
9255559
15667960
5634734
1142588
29972108
402939
3039821
11568333
3219987
7691594
10778655
4847565
8602661
3844880
49895136
1987170
19875814
1216252
10027487
13493665
4095957
17036699
34104912
3572353
1311757
1269880
45945071
1856764
62505525
14831572
3849889
20730251
1413439
25316235
43855148
1301551
1607230
29684512
32635305
33653892
694359
647547
10606289
4973346
38518383
993934
1996829
60095872
10963741
27589592
2077125
61537621
9337752
59159832
2012852
565913
6537042
719687
35255092
22194145
5928054
36675191
2304422
4126929
7354477
65270751
708000
4963744
1135170
6361703
13495529
35439568
3105043
11332335
3234003
57406115
38343707
631811
12789497
33103322
32405444
6508010
11394444
5831199
1578701
29526201
12194852
14542553
822042
14179623
38829925
7452174
15208898
5029146
4421586
12173111
3918234
39761243
3922622
29595108
19935872
82578
16482341
334676
27687163
1260554
160257
8861486
9565744
52541625
43914010
50482187
4206268
8757032
50137746
44576602
47783516
2738266
49055251
13809342
34519741
42720729
17977384
42682788
15180871
9120560
1048045
9215155
15440372
22793249
19537840
35642723
34257783
13504226
2917036
4585241
1546651
32704856
15175745
8509577
31660145
11344527
4668920
21111050
3515376
11043058
5419225
22950815
3289238
22171812
22612802
6137752
7463408
9584247
19181904
18577011
5926083
14963561
5179277
10000102
9216884
13553401
7446440
2407792
6691226
4002573
4136742
3619066
3095543
2842445
