4521533
929521
2431330
3833147
4372138
1865723
572912
27956
1133182
221965
50378
223005
2406620
1964044
817550
17153
3165154
733675
1207609
57018042
4254456
51472
894462
48074
3575760
816841
825477
7149132
763805
1879321
1028829
4144961
1802955
133668
934895
48469
999233
225522
5630012
841181
989016
153415
257667
1357343
1006085
2363996
2379811
251889
1953540
300406
221257
1189241
929850
237164
437476
221204
983307
2199146
859831
220937
706164
807054
2096144
2130124
1169804
1282382
773960
2413671
1189220
26073
2347418
101318
224814
291297
