41991329
17746812
14003853
29434416
7545550
35411964
19115530
6053801
12571016
12994043
14284586
3714268
5856705
18823907
59846278
1109448
61520566
19619584
5090426
5143224
24812619
19065505
60041007
63313485
25951525
40315896
19718887
1983941
24528002
12916622
6520995
6188733
147632
15950128
43359937
655481
24705086
49593986
2379636
10978963
28967241
14427829
10225335
54137874
9432118
19583289
8274275
67566158
19394210
4330806
6857248
13649012
5359208
17463734
27896338
59271774
2347535
7327914
873663
12623958
6365406
4387419
8965712
2403655
7300876
16272251
2376014
9013089
63617797
5095602
26067310
43286089
6019470
10776455
55278602
7373453
8345678
17462163
60323561
14485706
60050557
34913565
8358766
503051
8268026
11173659
20279813
49233067
17771751
45702570
8267705
41605919
9446755
39506596
26367540
15747378
6447160
40025842
43703904
51684069
22635089
26130403
1803826
44002150
25863520
43226872
11151662
3225729
15271627
26682390
8533423
9333364
6325614
16127946
39277563
5789270
5981088
6026788
2128439
30318733
4675846
9691569
14991084
7712790
27706357
13282028
2599578
25517962
18044079
24821746
23622432
23006769
13046093
20262234
8424779
19187669
16375396
12090817
4648382
11149050
6602916
3875139
504187
512096
520152
513195
504666
