767181
6554
16105
5431466
102094
5203811
12224272
1081905
32679548
49502631
3769
344836
35768659
23391667
62794
20887
2530612
15710
5307948
17608324
30700323
15890591
8522940
24110094
40190099
50973623
45381062
52275389
362086
58769827
253590
37396961
7748876
1612611
61802692
1612487
19938764
15344374
53182544
56943762
17795910
26875973
3934556
20044914
19996032
52015652
51017058
24381186
3794392
1637560
17902507
43398770
42917368
1612462
2794030
12446226
731538
36557496
7977646
569335
18681730
27798549
16953700
6779865
5188836
14113916
18451159
53201
19378401
2087918
11554146
15381372
3466393
13484021
52355
4707810
94318
227884
1613187
1612816
1789076
1612584
52504
1629520
54794
9439
1708681
1613010
1637945
1627718
1615412
1613407
1612786
1612695
1612570
1612490
303085
163238
130872
52373
83617
67757
53113
56094
54170
54193
52420
52346
52687
52399
52107
