4582338
38704910
12115544
911006
7221500
12838448
26944895
63542603
9543873
57543563
3649353
36015553
34171195
166471
2049721
22615425
7170290
7398358
45887309
2130843
10057359
27343338
5998005
31153890
6187808
2637255
19592146
7213915
67246038
7350256
52212333
8588806
41311313
24194293
51309914
29309998
7472547
6262243
34507245
27783683
47389979
23434018
25481115
21756947
48938591
17154777
44726579
18942272
8538967
8521879
26173835
19264903
37090685
14758315
5760500
18359111
16362759
12954632
8426359
2185756
552478
