6518034
13913495
10125382
2130839
4205648
604854
7423561
17467201
11420214
63049107
2153423
702454
13184113
1839578
36146490
2839876
3543603
2581990
30878604
5367191
63563796
5792546
38885072
2011723
559810
90798
16021257
7999216
12005354
69706196
4411303
3295653
27462339
50899141
561171
2232639
560975
19901
4211974
16025657
18856254
11257639
4409327
37087648
10848559
1454669
3822864
40593080
737388
59331787
9204101
8799155
34842859
8313432
17825389
11781934
3204135
560456
36309257
883537
11950261
52511490
20558693
51711
343114
8439884
8086706
1440565
19658142
21399758
68823860
17074873
14777808
4109004
50243047
2117731
21737711
7912695
27811705
2844095
41497619
11249430
704092
20266144
3371143
62043374
558041
38041900
1613281
66705963
168621
53175787
10187524
53264899
39069254
21783141
20026913
607708
13074581
64520697
2074866
400262
2341432
9769269
7684069
36430264
10059221
15570064
752498
5259131
8294386
56485511
34956642
37650239
11745904
21029236
8145402
33097431
560626
19188867
16065270
16069675
10146682
3983482
28090616
7776276
3160155
13418928
1109465
27779506
7502252
63357312
59491847
557899
9794495
557487
22649536
25596697
9001395
44634772
21218504
55711129
55628241
57380610
1331545
11931687
36148292
21976812
24480081
6457248
30385269
10621571
5334234
11253823
18121172
34991756
9997308
734591
8311495
18145625
14529167
555350
557882
7711455
557883
20635905
46105072
7704604
44632612
560055
44446514
43293904
10018691
13983899
558247
1871745
40300815
30397
7769736
564407
16970822
555338
558101
29481
24154247
23662569
23453005
25577853
31020529
16442114
555775
1977532
558446
737828
555369
16852678
561961
10474652
10364175
561393
558093
1184515
1203234
560565
737786
703177
560789
560468
558031
121425
736799
560053
739454
563390
558109
468670
501997
750801
210196
