5857139
2060159
27123260
16862798
1868922
1736146
1632275
1744856
1744274
790593
12866819
343516
2358943
3092799
310841
1845194
577915
575967
6714561
2144651
2199057
5715248
18428326
1640199
8197076
2036345
4081664
5667030
1702340
25237210
831735
6157358
6392796
6378901
69640489
201511
902653
3053698
10651722
1039214
15162003
1879744
9321627
8962884
3925896
326080
8356038
9135643
63213
2100138
2959320
884700
17301199
58651478
23390095
1283593
7251681
818280
16103935
15041934
30134454
138521
5162671
2139676
850027
2161703
18558230
19453545
1868877
6725817
46494989
15481594
7298697
5581393
3418067
18042043
19151409
2138142
5885754
991209
1746755
25315631
19344124
1009462
12047389
1053504
1972490
1746689
632104
2075903
5154405
1975311
4597641
1999615
3823601
1265676
423554
992760
711112
619337
