5048656
1758328
19531620
2609175
6438349
3112535
1404224
1735312
4868076
22547857
22268792
758850
1741387
38653842
50034959
582913
3827544
7550312
4855639
18609181
125001
15359996
36322831
49753251
9171672
4616865
838307
3236919
757912
3213373
4418046
6023186
26743490
27891563
37517408
2063634
8355966
12337235
14741438
16678480
11742431
29132889
7774304
28782305
5075095
2184955
9843627
1679309
5368336
49097599
19460298
23880517
28137823
26691341
34522460
9436783
34349223
3236164
11948412
10974583
8536259
12794543
27083558
24418322
9464395
3232219
8832003
19756325
757993
757240
10562523
4697293
84571
3234447
1932536
758509
202624
1330130
584037
847282
759281
763383
758128
757377
757548
