7520311
3560581
261901
2731772
232444
27947428
24845306
687843
613795
39771044
1307831
4829300
28409184
4631493
4820379
616858
11775041
602555
5070965
27089608
20384102
27953773
25903451
615769
11578348
9673039
18282941
1860924
6954134
35682260
16105207
1861694
44193552
17932262
2316270
1022303
31240285
9608598
5200661
44400430
12878651
974034
15064991
31470174
704207
30884860
17276419
1315162
10094331
14849451
4907614
37656958
9244112
10210622
4300005
16706226
1861094
9453349
4793315
8469186
613063
614454
1867818
1881279
812416
