17331573
1627983
569780
13279406
679194
83582
687549
646388
4144382
1241771
46710718
7452
26180577
8025612
5882213
1246237
1220585
329588
1090022
23231001
718211
217247
540865
624463
11994763
2729763
4341523
35306114
813351
67585050
764089
10627327
541568
5548984
24456220
1782095
57650882
11828720
6313484
2242527
865877
1223030
14673176
1189182
65453950
65420281
65489504
20270244
536975
634816
5532723
5113329
1073454
6386642
1293132
16174071
1531553
808410
28023100
803769
6421902
9315492
1175478
5928054
356087
63689328
1962591
44492005
641463
1427616
732480
304080
36381113
44429452
355736
7720470
1437033
45923668
45924582
45560578
44690583
44575573
3290705
8085407
4620101
23058880
808909
520029
2563056
642054
151361
52568828
52918503
11282571
29370270
19081
3795879
808306
1598477
9709218
19154849
39740096
10379422
21102252
1319489
12429003
5141298
855630
272095
7695664
609129
894117
1757215
9528564
10697978
661339
8872047
3472421
528049
677298
1726935
172023
576757
1701865
807964
810005
609328
2147395
812053
343451
4128
1325595
828344
808151
1010254
851390
783549
687968
611755
