820612
1881626
905116
681853
402216
438620
8626979
2756536
547655
6615986
193607
9272660
15618741
132460
4914087
19183189
161110
15574789
17378665
30928371
6942716
431235
611515
1031131
351657
19138071
6181148
4785960
42903919
8173683
60634461
3082481
11126356
4236777
13564594
3490651
1073454
1368064
7631620
1611771
9569397
61628353
47459725
2488436
630618
8581652
17135786
36315097
7584174
7570925
8414949
8765821
9308070
66870099
63820856
65882152
2797796
3163833
66358749
62480
17076693
3489293
5451041
596333
22291891
18891849
62167470
7059927
3766892
306829
1315445
43842485
9319287
28565868
11982391
2738266
14585227
6461762
3236051
405403
573485
8107358
1075728
184870
41858097
41309342
25050958
378801
12390385
3830877
13495618
9195085
29650789
5894170
15833207
1096932
11042715
17727985
2989219
18481534
15020470
9548918
5241644
15083045
13195487
15150672
756935
8369063
10665619
5796854
8019596
1200226
6940056
522270
5981180
2414641
48276
1174007
990835
1446998
466720
