34957035
12495894
21420792
58704816
19649158
2276646
1701298
9663222
4124500
51864397
63324291
33903585
8003399
426616
1938926
70077842
55793765
6205727
1615311
2566387
3734385
416996
614356
6045871
11462869
740535
631652
5451266
21495011
33945466
363184
1689924
82274
42218140
41870226
6751229
46658534
3912090
1165351
31101043
1166018
1690910
2261621
3480643
27451527
620391
7669983
373385
10140925
608598
626623
354660
9563602
30735320
12516267
1092994
355858
17381618
1759812
9506361
1527608
3360302
7763457
4921348
423848
1586160
622160
613864
301383
622659
1344824
1025586
1338245
1217858
1692313
613913
2180319
1541765
1921707
1660678
1341256
1591189
1689954
907178
1363414
622876
