2082662
2672243
2295123
54730099
6825728
17707
8828540
65182966
65055465
55178665
67312756
61911877
38964288
4603388
8757362
20382076
3400644
21890709
746599
5911
49829594
22044844
13482984
676544
43969005
5580274
547557
6010707
15570506
16025874
632609
34927489
38404995
25883599
46796622
66804462
23179316
11507670
16472244
18562289
56685751
1021161
63458678
10541230
8843219
5347806
6545990
673380
54079180
15229867
22991035
48920075
19509397
47242146
3781326
21857489
20394615
38820883
6625110
33258686
29488545
11220935
18062495
692555
259195
3163590
1758226
160830
693847
