187043
13810744
6257859
1245181
59313251
416390
129343
1939438
789657
924018
5414084
65555183
4620994
605843
6188329
1064739
67109371
860754
2525725
131314
2336296
117538
58558047
37276934
287100
737408
812905
2237538
37325329
122235
21423111
8141654
632350
63607048
2061957
1237790
13756443
10898191
16439271
40462745
70246188
29895621
197181
7158502
2032463
70150572
28432325
51576345
1761024
649064
17550416
25271235
203022
48216
11595065
26722398
21167895
298248
11252468
13410837
19875814
803353
418557
34045524
142798
50169107
62267271
1554806
10378
5181811
228
49879
13537335
630618
67921463
1779512
1024907
739402
23412131
39273210
4371177
52438293
43014291
15118285
7340644
18760789
3905406
5201085
2325414
12323372
13515470
30049190
31763284
36095115
13989288
1224194
37622771
1423491
1268381
123154
7792749
9386107
109233
1040846
1800930
10550334
50782229
52992558
51445827
18344949
808306
12009311
23081272
16761540
6789245
1894546
5601278
43986412
1357520
1098480
26003810
1271339
16875901
3216895
18055346
32924925
396899
25878553
16747149
10153915
4265074
9722746
1268553
2109760
1010459
46282
1768724
815812
815670
1409077
619998
616508
615582
744828
615637
