5387651
5573059
1559548
22378179
45847205
7109863
5500116
5793721
34021470
1208169
34470099
282372
45594885
1773616
283026
26741088
54148646
41335548
1653077
23905943
43359937
50900017
623528
19298009
39913692
1938135
5048421
2343116
37262606
781336
624398
2680553
1050277
50752390
29770906
49110297
45410111
3638109
35350415
2655503
38622285
52321703
42496652
45172969
619226
54250608
38355741
44051744
53025343
172527
50921245
551226
49110498
3456168
39914108
39851958
1160003
283115
1098066
2489221
866441
282671
269539
734772
283933
283190
