26941772
36081859
22507869
9263273
12153539
1127767
2518453
11394866
10633069
1618445
2670363
53343643
2343429
15365984
25821440
10295672
15830086
843034
11130327
69380592
66382037
2632022
43821234
26813590
30878500
6488041
1006016
66901534
4416973
53529655
4603776
41526309
4885452
54967193
52663963
8915371
18366778
1223396
17444578
13915943
13936693
10897062
4064510
16970617
6321913
48264985
2562495
18396849
9189712
52242502
12951842
12722227
61014032
60987640
51704552
15833031
7905535
22922993
54712410
31841056
16365505
9680036
23263295
29277006
32897510
31176914
140811
21390375
7299085
3371399
2067487
576237
