67697431
30654088
40312919
1831754
1999418
69373498
16261814
50341827
44292151
3782131
16166323
28223623
64847587
46585519
22972548
18752826
15227768
42601330
253642
15436541
69699440
58738978
56946036
33427372
18695108
18045464
32565180
18280355
49826607
22129316
5431673
1836355
42802152
26705150
51048585
41579952
50703042
60135085
29993166
45786064
59024055
27153703
45134779
16550397
64134707
1206339
16475128
56179553
6907049
29698552
1767256
538921
51783504
8997915
7697869
10047549
52471557
51843923
3161672
11907396
33682956
2167221
5541273
3156850
20939575
8702227
1216761
