20529906
30728977
14778142
18144230
30928159
10685436
49590048
46079111
31781410
50614289
5159210
55047008
20220221
41159719
58283095
47380919
48930854
65077693
41669003
14923316
11094642
51643732
10957646
6591125
28171256
1238293
68774945
30512433
1248788
33873394
29820022
8469682
11046765
3190107
23860605
56048526
13649894
28631886
16638652
51869263
44323867
44296877
30200776
54084603
55657083
36354235
22108898
42547934
47781880
44293103
19250531
8984530
22367302
11933229
18152596
15782492
654652
