6463881
45461694
26706841
12404
5304930
1322609
1410324
3036146
3262257
14155593
1186804
16072355
1642452
13837802
45860417
11273989
4799656
190636
2693447
7306338
2088809
11600
1338218
7295024
1083539
1036893
5306211
34242146
57324203
39042292
7182845
6050842
90209
49044224
11243859
10032117
8388677
81958
917064
25761437
19836
7508136
5723117
2240283
348888
4838935
48232529
69783054
7529690
5919562
2211404
22170090
3066022
1484853
32693238
61736304
11020460
1373260
1157166
48327824
2812358
4970019
45298700
58118625
10809506
3065641
5896324
4367689
3943393
1534949
5793721
1273894
813126
7985869
1570686
21524696
184404
16805784
27735698
28574123
52659709
3065164
35468886
36096817
34272589
3065415
23302409
5415890
31407819
2300040
2602636
1574165
5122428
15598268
1344800
1642972
19653532
2757841
3068920
4615301
9251315
5895738
2093176
21653302
18748640
46927234
6807
55273035
1926094
15957351
1812362
14337113
766765
59888047
4774361
32051
14004347
5236518
656462
5849034
112282
3065582
118643
4493
175283
6089212
3744922
22484964
27546936
666077
11673850
50358950
1056087
1481253
15927161
6767671
27566573
25332843
2421237
13255615
18744125
1854969
48118189
5865302
749926
10019103
10341863
11422215
5675889
8897687
79718
8063607
22879428
3218294
12990831
2964817
3065098
5832145
8469557
2220318
7558036
1899282
8837552
16143707
277910
424345
3539222
3065670
59732222
40349968
15730465
48854041
317560
13165633
71442
35033846
46865440
20748916
11282770
5895064
2880399
65453950
5753633
3646317
65489504
4995789
11745386
1424024
3065301
62758814
27071820
6693
10222343
10392329
10812269
19046026
27482481
61503
1122754
14730732
6779317
7904321
8962884
20700936
9826797
41542174
55688976
3080062
21724798
12894604
9163295
50122715
1695251
25941298
15114308
2754367
7413218
38580604
19364377
8155863
5059534
17746585
3882528
7509278
28246555
3065084
15241563
67536035
9542759
3134966
18164018
10064763
3001819
7404920
17292132
19781499
1832464
3103935
9658
15262782
6342746
3065739
2482551
6487
304458
19478093
4290
8316944
15236300
21551504
376003
32130835
76463
1399085
2586403
11856937
1688726
11810006
3065907
5229387
7309440
74360
1972305
1841534
3148991
10502730
2033611
61116
21828365
14852648
16018112
8127
20536611
61749935
13725844
4984028
3502776
27111
32840269
19596360
23531317
86656
15598405
143440
60223930
31408494
3002953
54044510
43403705
1994066
7306167
5779503
3065103
33086216
1516080
14126281
740402
56312111
4293
51845095
50260131
1279381
46446016
18848397
23667384
10062202
8580204
3065215
20368465
51661316
5648943
18307873
19620145
46799911
43204063
3065375
39477732
33917240
32420518
1157146
2178707
184708
6887
39358604
6878581
8277226
1338184
45265483
8967690
28685989
15879316
27423
14421541
10599843
39177245
38983147
42478006
42174174
8276307
7362
14157831
40372839
3066184
11349346
30685267
4506700
38791237
1338377
38310800
3065955
156686
10964024
9910204
2994853
135356
7274588
21883537
22848612
18235196
22298694
5802581
15271050
30912158
12492808
409248
2412853
783693
8100813
30881811
105096
10993968
4362753
9371623
2850574
6903015
29854351
14353221
8767
3065126
26938959
26912115
26040241
16841346
3513839
23266524
20231910
922208
3065209
16695130
18183047
90623
7194356
5846329
3484392
1511445
3344316
11791891
1150860
2860652
7457229
5709142
1338293
3065111
2216866
3066139
646299
8289
3044994
965905
4386444
907781
131590
3065368
3065903
2678106
3065819
3082797
326839
3065109
3456306
3066003
3070847
3065643
2446086
3066088
791347
3070128
3066897
3065203
3066183
3066143
3065847
3065612
3065292
6724
56289
6705
1856280
203320
1486199
7155
6695
7712
6772
