28179541
39885144
8865307
4259362
5212589
7372464
30715420
4994064
16737952
52638545
6771902
9390300
35594908
2757331
28280532
12806892
18657810
12277740
22670452
7369324
36819318
50934537
52006095
40947494
5952381
9334097
13603434
11670054
10037019
671265
19793765
25801035
28184855
1036893
6265502
39922151
22201746
5713906
2474275
5799774
51363649
5096699
13540299
4169128
16033079
20608051
7784232
50917189
30295486
39291362
1833502
5860505
4372320
34288976
8113100
6608344
7545138
43680707
16628840
14546502
9500309
33170804
14056206
5611840
29848886
7735134
4245330
55907236
6132751
64577250
26510686
6919329
49790936
1218717
19587199
1676098
3735527
30967502
37392208
11759622
12447604
9533556
34603658
9716988
42083755
5100402
3337077
29091665
45464533
45144637
53928592
35449013
17778502
22137137
26632325
69696517
42820938
13437766
6332008
16788627
38932680
33067413
5941791
9695902
12040059
34172883
18859804
34181905
11028303
9853005
42647242
14025947
3882528
4781690
29879182
22140037
64658775
30467237
14216458
27804302
25507976
20854920
52832620
3336922
1559845
15559194
26171752
14457432
12495118
469505
11985563
28371973
16295833
10126952
21246259
28980990
6815940
57991215
5820405
22028897
44383268
52204558
57806321
21131301
8843882
37418406
12640329
15556697
12332569
26364528
47014447
38592029
36185329
3014131
3388482
18974088
25355496
34815245
12379998
30672132
5918489
33046403
7298115
17224283
13304937
14530131
17937440
15929184
669261
