24504060
39885144
17672459
35463544
7372464
20434988
16737952
13838524
39855556
6771902
9390300
7369324
671196
13430246
25801035
3798859
44063197
33871106
33533986
51363649
16033079
9914078
5879594
4150615
1833502
5860505
1405538
8113100
6608344
57465688
14056662
33170804
14056206
5611840
13650262
29848886
9206588
27681055
19587199
69820504
66975037
3735527
37392208
58811718
13926017
3337077
29091665
55571512
20007423
18642985
22137137
69696517
11496616
13516936
6332008
11799482
33067413
67647660
5941791
9695902
6710288
1683000
67472175
9853005
3882528
5303539
22140037
64658775
15268405
14216458
27804302
25507976
20854920
48990455
42374998
56407307
3336922
15559194
65979771
17686521
14457432
56689059
28371973
59989450
10397876
64717621
6815940
51896703
16697646
5820405
44383268
11328265
52204558
23065504
21131301
53442654
55391947
7535222
51759593
45430951
56873612
22426485
19539013
47014447
19088469
51567044
42965103
50779080
25355496
46581890
22298129
47319895
46998487
17450825
5728248
30672132
32310619
14400255
7892302
24841273
21675969
19427061
19570952
7537884
17478023
15929184
4826436
