2459409
183865
28211182
10340473
678385
37164260
699633
87352
16628362
56368224
20479963
40795
855387
607596
70385498
26984748
2152851
49788012
422725
802473
7381499
9718792
9372192
60053480
7214490
69168963
17455311
45471341
6885987
35992471
31356956
1196492
59760718
10911738
65818950
27068982
46949914
22857305
16160642
11566366
28611778
2244658
65947454
705416
5089087
66623330
1089089
8777480
37798956
7993254
62663
4831510
19762917
17229430
39328328
1153852
641463
22097960
62322132
18554812
1378204
8066473
5503191
23417501
44431972
51806571
920636
56210393
57472360
57275459
8992834
19867396
19665634
54636596
6442942
2719696
13486625
28152905
49821757
16173301
5047168
8365224
28838232
11169058
10198332
43798158
6104561
36922068
9986339
26820767
8094692
12099401
2825956
39320257
29628841
12199796
12131526
3152309
24384176
16302555
1636741
6637882
3204219
16982969
16938477
7127224
3486335
1189721
1288424
3060526
2411253
4626022
1196546
6736473
2411100
5131489
731624
3897303
3059781
2030348
1285444
1233956
775271
1279979
1428104
1206102
182934
2076116
673094
1285493
1302104
674818
673480
906324
673862
686162
679843
674290
673761
673449
