1684602
629058
284410
60240233
4086173
21236687
2187043
40121960
968484
175740
7294341
1398240
227463
28482493
1792334
4554834
1757252
143832
3078004
4502623
53099355
6773727
673951
901225
1425835
11782004
67414
44322804
4605926
18926122
620484
57758677
5451937
6094483
8808419
5948865
9366728
67236041
58619429
4734442
4945837
575478
998658
81033
32300301
65453950
3419487
12188887
32292527
2017931
11184201
15391210
1842331
23143702
753367
33444459
10715345
7658523
422636
1182150
12800279
38075186
1957105
1369693
2243308
67202636
17870198
1771229
50096625
44394373
29891305
12334463
40822450
18114031
11209717
64809894
10701708
2010075
11070100
5285828
230139
1994727
21105213
14893477
55958513
1939403
3950596
12745571
11593050
672748
1540683
22645012
17822561
48965295
46536903
37071194
34723417
12457872
10327097
163734
17820850
11449784
1467769
11954843
2282404
10715742
1542233
3598772
289790
1545186
1365000
