6699202
74010
2187561
2915626
14135420
23651778
24330074
31840520
3789573
30250206
1090022
22146366
3165326
102094
3551669
9329599
21332
19489863
11597125
35715981
46398223
69567735
1208047
26242629
2964935
231375
14824212
39412666
2580654
44513695
1081507
4323436
808410
137735
13989981
3748670
3752268
49378336
66921703
2685
30435274
27541360
25242513
11251396
12326840
2295405
3923288
2379
660593
17361778
42444404
1258818
935425
24660159
5845045
22567791
53262461
808493
54680998
211276
949043
31706732
57015387
8106236
56897555
250208
122008
17666
1843585
808306
38317
48349695
48076335
1476017
45961738
1254
215932
45119188
44170598
1011563
15105175
29749751
16435857
14901763
1524627
8111334
17156484
2002778
251063
1242696
18411749
14985601
14983233
14931198
12829833
406200
1258768
14709
766451
250701
5239207
1866401
48949
1823874
76941
1874206
1961578
73729
118987
1908519
2727120
3115983
2085850
1128409
1818398
2173113
1075736
1812367
2086842
2542610
2020301
2486888
668832
911611
1828782
7797
