110812
15269981
22199169
63414679
38655593
1444396
32099166
6672631
5191584
2128511
3346019
56611297
3834487
6078484
67134666
6172286
4094575
41373527
816784
21147019
29653471
40841814
26983398
15702809
11891985
38644619
48797223
25252309
13844612
8836576
32664471
8046006
28667084
56166736
52740189
43793010
28188086
20745744
21524696
59475432
57337585
7398073
16525689
5148418
31269817
12460858
928470
38958501
22483349
4972975
51799007
59126739
37878908
27611698
51852385
60931855
22635956
23317819
5899001
34471635
11284261
49693962
26684625
47037329
28875308
7878545
50283757
4636480
62934220
49812898
29736483
19175111
11240867
46682987
40608744
50905314
68171277
8562924
50901630
52290419
2352034
65453950
65489504
63410978
14640765
4665158
38293689
13543285
65480633
68993778
59411029
58279134
28604842
2882905
3198103
64153398
13953354
17057796
16573916
7208219
12859672
27083304
6841293
5035617
16332231
44077556
25761743
1248633
46605022
16648052
48261578
25219439
4234006
51801002
61164613
17801880
13278152
23571143
776051
22249462
16936193
2604609
15590199
4219938
33357233
22952394
8423944
52449434
24260172
2862057
61204720
33589821
30902630
17334199
2946761
30351757
53662802
50427156
56294422
4886017
46892908
23152724
13637929
51933451
1245448
43828026
24170413
30868972
26898593
55544345
11527958
30112180
17034292
17228552
48198019
21516376
52776391
10524348
8837266
19860020
16003940
41816647
26202613
14374250
31233582
6224870
2558994
12421232
41668948
22027567
8775997
26626134
33916799
18970808
5272905
28530824
26448661
24895515
15541610
22266981
20745680
11029141
16977045
9012283
878650
