36348070
43494867
58160628
12875723
29599654
24894451
7810503
209719
47207032
10118330
16219087
2103532
17420799
13130014
2445617
1389748
587456
55932906
15055195
62003123
32379875
16268515
22889537
690922
7881209
53724042
33737465
7175529
4681109
13524995
7169215
7065592
20648316
8904243
10820397
110328
1882027
202716
21420857
57991562
1799746
18683631
43639664
29738019
27179492
3534528
6656297
11180043
5083975
18478389
6723771
10178397
2577158
19051845
15161418
6382906
5138611
1236647
17703155
5145305
34672640
7114866
44126624
55308610
12769608
5960404
22695603
57597344
2669249
1124284
1137841
7625677
4330184
9530484
10389895
16311578
7841459
7726250
17825291
5489632
4912062
5483721
9353656
38320452
7796384
9253895
40958744
11139483
22674709
19267712
14351728
20943018
65013090
55067787
10400059
46901969
12568703
3435480
2246618
29084789
35773524
4940203
58995399
13332328
2359393
70251100
2045333
4713345
4465560
5944642
36573244
41603130
33447134
4086229
6117137
5124500
3973525
5942812
2943406
24027706
18186343
22119416
143086
5282594
52115322
8749324
50812952
5518804
7952077
130620
1488467
8350857
1243584
62288720
823009
13206
59633526
57402941
1393866
19059495
930391
7464469
8689005
30610108
1910445
20661890
4458249
8212143
57233671
22401652
16350912
25235014
16693810
66898892
10240210
5515034
20159096
12563569
3512144
4607180
68715709
56765776
29868756
10243404
4002051
9383082
12688247
12470119
32014561
12625561
62003135
5075829
12522844
2707632
65420281
9343714
20459716
44067022
7734010
39325130
8115092
19400631
34303454
28083796
9527655
18900626
13969307
10870507
18071317
1349444
16334873
2868548
9015321
33122450
1091805
40369592
11519374
22404581
54176495
2925026
17876345
13887303
11241510
15995304
11690820
35437777
24724974
54728796
23978417
56024411
9795671
27621293
29607493
32155350
11925011
60763826
1808015
2625580
19706964
20265433
22690075
39872842
7803988
4301257
28922708
54626901
27625897
11064792
7339809
11753739
54001187
11661468
130373
7477124
39316315
13018850
30825429
47934585
48151117
23065904
42924184
30832436
18079389
43816050
6021313
11662313
9368210
17165470
37756663
36944644
12096875
36314989
30794795
8802980
23246000
30693542
23079168
29464762
17130147
21191729
2562107
23077136
10318792
20793285
7069646
15410748
2247456
649543
13774787
11681515
1367185
2368760
2562033
