183865
1826622
2007746
3500311
237469
514234
859449
4038520
222248
1593415
9114668
368148
4365117
20428125
2887015
6020795
1143268
2131566
2294090
177370
820612
47259487
18294333
25334970
1570669
3569723
4807011
39123804
1627983
25055919
53296623
187043
1450967
7355908
1898080
3047914
16095763
1663786
3137780
4279501
10050554
3865200
20960016
75710
861304
4592736
13252809
22559371
1654645
26185
306320
199389
5945231
13891148
11443060
4523894
9315301
4827402
28379554
998988
1126891
4031339
455581
1444396
16580158
2656428
2292055
9774794
979273
2592429
2648890
392477
1281880
13493599
5929923
1476929
2426157
433658
752176
2852755
6709190
47234090
4753623
6911477
128629
1179650
423371
739171
6216495
978020
2309063
905116
1847702
2001163
2508957
8312770
15957684
28835470
6266400
5588783
5680919
4015835
4056224
5199992
446110
4760899
6213991
1357384
2389795
33210595
2063087
5497539
6361566
4293284
6984092
541282
3663641
1054712
4985056
2442385
13736044
18677251
2206485
3061310
41673027
724462
4560137
9029254
3954160
114559
565487
17475161
17475161
3805901
766737
1363159
4171404
4391209
339249
30362976
4544891
4856618
7019056
3084518
6599279
7406678
1003021
6608084
3616154
3444234
6271660
65933498
2802217
4615643
2351330
4421368
5844325
45437
301807
4674234
5241158
5241158
231833
1070634
3020662
119758
4840204
1635066
1569525
888599
8193526
27288811
219670
2338568
4458561
5237437
11484797
1388557
56184280
2190708
2765658
22972055
3296375
7264257
687549
348663
2977381
4244091
5463858
6307172
5192076
17456397
2931622
5092962
832432
31586581
1658670
1809175
5606955
646388
165395
917704
15137376
831782
65649782
333976
6030920
5540670
1832157
5978254
5124797
1201260
20070549
5663619
2464488
2799265
337187
3188476
777926
983799
3932303
13389254
589019
629660
5276276
25984786
1260909
11856809
374224
992727
662908
25246969
6806067
23833484
2098018
4537892
8332707
1345003
286737
307203
276811
33747
2734498
1440829
6248631
9137001
2289235
1978135
11277250
42892386
13868271
957550
4481160
25608170
27665778
37044261
7638603
21169928
5069675
6978060
3350999
356939
4772155
7911828
25673361
3361717
4730009
14023720
19329444
328707
1667268
8258265
11179338
6001133
3323590
1305858
388132
7042512
17170601
81958
33854695
3522707
408190
2041869
889775
5673309
2494925
6207502
5226951
19543467
4068538
13202914
22625477
7300612
2152616
294992
1419755
10668495
15883154
20798969
6211492
2556182
8844072
6363165
12734959
12729742
42099054
30874743
277316
31725658
10463035
6010807
6809778
2128339
662488
1768277
17669461
4199133
7959093
5898765
3617921
580431
2304265
5871609
4386648
5231
6559536
4443085
5391841
5786486
13413346
8435389
1690623
2682908
1194317
13827810
24684236
5624947
3056629
1460292
5628946
11734529
5766440
1570169
208014
102611
6458878
2646601
934662
1760295
2741615
1209726
1398404
3191322
912536
247421
576214
30660934
165344
205942
5853788
6433483
1432036
2504245
33424849
209010
1433115
2625148
7810256
4895592
1940696
602597
5135533
3156830
845978
3828924
3962437
1370817
18305191
8849509
822922
654247
245365
326553
4177883
13929468
273789
3140963
22634108
12649920
14765247
1013908
1209392
10122715
8011634
45128
5921884
10824808
24375453
7039209
5748585
751443
3211896
2169927
14725910
4004470
9844897
24525741
855518
60989
1716113
16434239
32720372
1220585
9617689
11685652
670847
30458697
604863
7947879
16628930
5927090
11848108
30333100
6506221
5063739
54456
1127271
24198567
3000244
3903437
435985
2994599
5862181
6997543
657496
6622346
7273096
1296057
3830786
36955369
1875193
32510573
2526129
82524
8729766
1090022
3000521
9529085
3070852
914628
10295211
35634523
4476393
263948
5530398
16769522
23180415
31107165
5361168
4785706
16236021
8688229
7554513
708041
85761
7855714
276568
1016719
6897164
5369336
7309957
128380
3696496
718211
17052175
45006
170060
2131243
44210914
5793721
7041161
1273894
1258056
4780809
7347827
3810541
1958106
5027580
36878819
14222368
27492165
5738918
4804801
6843266
7411201
2760781
32900015
241561
8414846
1057286
2310290
10580116
14891067
127893
589220
3650376
7638164
1033745
17889901
984068
18144383
217247
18186343
324623
13660642
22849962
157251
2282968
7066841
9998434
21524696
1960933
1041843
344292
36646649
143086
4528582
2989588
193607
1990584
146719
12109497
3693784
9347518
1771220
20640621
5905883
6482072
1929624
18577086
17584222
4631464
2804984
3932390
7526718
121132
637267
1655437
930151
20357361
2503248
2302780
226553
5408219
11748929
5392380
20224832
138336
640565
31149752
5232243
8518820
8900056
5238812
1169299
1515773
3732163
5052917
27780
7952077
68054041
988784
3765410
204481
8152020
22710542
22278855
20986187
12851569
1193694
8514706
6725643
7483448
14650799
2117092
2300783
6972662
1900937
7577191
20130814
9453139
3714723
3137040
4466433
4850919
18146588
20053322
1283483
6504947
41372796
2404020
8599999
2206380
1627559
4702753
7552594
446799
4200676
1369616
1738744
3693828
768115
28024641
27219702
2738326
7168253
624463
6032809
3900683
37080459
3836079
21069984
34687319
3321819
32504421
23321070
865637
219446
9866532
42911434
173190
18594479
3428157
702812
3181817
10848955
58440634
278467
2058161
29114922
2164133
5015236
565767
43555110
2146867
4269994
2088098
12242673
5067661
24670912
3082647
2549884
9918257
5868696
2526481
28420117
12928580
865995
4493045
5554635
2821337
1205453
32027305
18271303
11109756
2337120
2335215
3395214
5138212
21617565
1577947
2425088
5745035
6827070
13540240
7233996
14585393
12707249
3019127
84509
2745709
3729758
3151406
3631430
771551
24463497
4841628
12160633
22060214
29118743
2234178
1587677
1182529
29295216
84031
2775468
4934416
5833969
2952205
3558024
152183
36566840
23156052
8190108
195748
611020
10871234
876285
32015873
1747355
3715886
31998626
25069652
13871679
2069203
6472897
792145
2966207
42022737
196704
937942
3303646
24162139
22610164
7836219
2214121
8882972
1635891
5935944
3295450
2590622
2077359
1701277
4215562
36607186
41321054
830884
1237790
44355
122168
5993203
3566177
7948932
13323793
1076789
161410
15081402
4168211
11614861
1039562
24184743
33846500
2234290
349612
30032
1522951
3346753
8154633
188161
10741547
5318393
14478301
3970527
22404559
1332426
10212140
1217802
638378
1119080
607937
6760826
1371550
868037
79496
4710240
32901139
607667
36123144
19007216
28566950
1762326
3338154
27657199
1188508
835953
175283
813351
313611
5793757
13234815
74766
1100558
4616820
3575760
1957771
101388
9273166
1659796
1229287
972655
3870785
4822436
2673751
6961938
46052267
1294162
14311634
8416513
21464221
8063505
6319674
1701907
26045228
18542232
15232156
36736875
1163
4089365
612723
625370
28082093
1283929
27355429
884839
698048
26593628
5516025
4178998
518182
202157
10464476
24608582
29202516
1366836
10390445
1275177
836418
3195926
253696
1823080
201506
179084
5863397
7158153
5143108
84385
32867183
640125
12021825
5665621
30649831
10983870
25373
8059501
4944850
5592595
602540
226534
9819882
25091742
2789848
17283650
1274105
1730892
1326467
604883
5158903
603238
399334
406453
18829008
140214
630038
14697450
1896852
140623
11024845
26262236
1930463
8200233
18341031
33009770
7566417
39113576
723107
19589922
804856
16044320
18846696
24185153
3323147
6793969
823622
420817
7930088
1346324
6120957
1041553
2517163
37286527
674267
14343100
2412841
1653039
7053271
83914
45944439
2219495
6219304
5379029
16659038
42428557
656888
266562
4115267
6720458
4018106
1687742
549133
1147841
26070945
3257921
2773840
9122268
1208104
937936
4669742
2587878
7709301
6181148
4278262
20315312
3209593
12029354
28857499
6106630
4928063
808005
31589109
37508248
54444
10198078
17437766
2186101
1231818
1000611
15771354
19473379
2717268
7946288
3293891
108924
20234733
340819
6064522
663291
1142588
7365170
6001132
2517379
35291887
9299164
872260
2038525
507511
15689443
2578813
24821592
3691163
14256133
2864005
349953
1326248
4191081
40553197
2869189
4446504
7553879
654480
10415616
831020
39610574
8173476
15777541
19602264
5901166
464306
6255381
24523897
203022
616410
10529536
33261789
621202
31153788
1401212
7772033
3043409
3010986
13750072
41857367
16856121
20126244
8248820
13092866
7921361
2883152
23157805
7982518
214200
14223027
33069255
24059962
811966
3202069
1072741
133668
6494762
3434620
880381
10112023
3330564
6109294
23926781
864625
31211538
6259375
298837
36168820
1346177
8593845
3536592
4508150
348718
7620563
951142
2422277
19972344
378650
2099069
15396192
25716732
753312
4889310
865877
2747546
27686500
12259042
6127882
14297791
908543
17505896
32486345
5461966
4082171
37126923
5134067
4932425
601228
2346227
812792
16280138
47201544
5471655
5176845
19958246
36691738
3205057
687355
63600067
18774988
24541
4686715
22639914
3061794
1519397
9386397
2979843
7326194
35502091
12146334
44467103
11328970
2202714
2897654
20208516
6795348
1140279
1529111
1553364
6019259
4844249
2714512
11126356
290847
3173538
554382
3259717
809533
25970694
4464139
161614
801228
1273921
7513517
2842642
27226276
1072870
2552291
16759154
4068616
2614434
5097315
582696
4085358
806113
16152803
15882149
11753930
993525
4543266
1471564
5504270
88067
7657553
5689944
1091359
1444873
328461
8485664
1766984
2401191
5017333
1189182
7756667
165501
5422701
2847726
12186166
9818038
33604274
840191
19110658
1251317
25911254
2051994
15270801
6321495
705627
7284168
7035097
6885987
16662642
588949
14974
9271365
817012
1298918
1163992
29412679
271503
3919224
3246088
1381108
5952080
36313468
163951
27577844
6996561
1973940
27232792
10662288
24653331
6165811
376161
1271120
9969607
1938210
6371979
243683
1173997
6090885
328208
1119177
177405
15324792
42083517
740844
3167265
867172
8664938
1038165
536975
8356799
26381919
1472859
21994498
1237438
5583862
14750625
264306
2362808
4875571
2134217
647238
24040263
928840
1305849
5760433
6651920
5362109
5095894
18445819
27862013
28070762
18959101
9478757
7907806
5984805
11131101
7570573
62573
3109943
33120557
8197949
5554281
7108571
34087580
7501965
311488
8217093
20887
1029342
13953354
1711540
42666882
19431436
39075379
900219
282608
7631620
3501344
10664455
1611771
28813260
1973428
1662307
22936303
915084
10097003
913430
21556972
3114362
18415613
7810385
4812786
1801652
4826336
21836630
1504558
26191395
12279839
667419
165938
12550419
5382532
18492607
7022898
25637991
346100
881413
5742266
68042
21862872
43557234
2073256
2597509
1512109
395791
1946877
110714
304145
2241327
15868473
13087960
5500811
11279714
17011816
3812086
17228799
8488408
2308034
2904919
5042069
21616992
3977662
3686761
27010405
3989689
432188
5508171
4411850
28352959
2933858
12814985
19777630
11015040
5103943
32199480
23073478
2898307
691818
630618
1357862
2995260
12680821
2873314
13726705
104744
797352
19185580
17440397
651052
731367
27429925
4282838
22362216
5162855
6289911
6488041
4893467
808410
1847137
1519267
1354862
23662524
16976733
17948748
3239257
8028582
9191877
7015003
2592680
3816669
3838054
17002362
53680
16966211
569116
2845544
2352482
10051544
380273
56965382
7677787
9475195
12027028
5615742
46385724
722285
1646976
1720399
41373892
108634
7561271
1380351
44280498
7045807
2802901
5894478
23783481
29235847
3358911
2660460
27285790
4868182
558023
17018011
307342
755767
4516941
25034183
6571428
29041444
20139578
14710388
9562379
146487
1011379
4629555
22346848
5670972
3793329
1203218
185217
1779512
82546
2545728
150284
30377968
37421698
21652763
2964937
4465278
1024907
25468856
5626063
31418520
13800473
143090
803769
11092072
24225734
293808
9766022
8736844
13896323
2100634
3937046
19395525
30546773
17301199
2761999
22434384
27906155
243944
7096873
35325733
1268482
133549
8141781
19249396
11803242
6138832
1929094
12591437
11719938
915021
165670
5036150
875271
1978776
1010350
21655924
28148808
28315751
779029
12655181
7991002
21433853
21818690
21933657
673408
37641660
16230531
5095791
26808701
1832464
4539487
9135592
39788
781708
2291666
5361021
28151413
8233733
27386523
108820
5064041
11740355
1084267
42476
17314267
22456607
12102042
18690087
6507399
866198
13005579
5891835
22731302
44504744
875452
20180719
1083
6890237
40172271
7004798
1772987
14720952
21699214
5261088
3216903
711219
7539073
3096541
913899
2795834
17596451
35116229
2335162
6466587
6605871
182533
1699700
29184574
3904431
11052225
5966
1473536
140567
960269
18362055
604959
18178864
39883335
36566920
3218401
14656296
63508453
15107875
230010
10962873
37780428
25468785
10715716
10702865
16248668
36418649
776051
45427040
593154
4011584
40180166
7177572
34722976
618351
1254945
5144620
12841926
9662793
878471
4219738
22002760
646530
1078758
7328266
4994732
16007840
32848384
43804691
33361
4724367
6990607
366688
15888200
3489293
3227361
16092
8842834
21700179
285033
45356573
1883049
36754156
3165888
755193
36102452
6331382
2132949
6383748
4134161
41656721
9818363
34616090
6002178
10003884
1407565
11153118
11349234
5051130
19498272
2058461
1100282
4247825
142428
4315447
61109
1180851
5381325
173351
15523953
4110832
44308550
3328253
1047454
20581560
37386050
1001459
796454
28599249
5775908
5988325
4942887
44311912
8236439
19316325
284216
1955552
8609247
4433519
1065366
1851284
1123832
6074915
25948388
35947576
811861
3796291
21844063
8651009
30126836
10193397
171083
2678329
4636476
4195414
5759177
3236083
7608925
14357341
23001990
77896
19021281
9760613
31565568
20025529
39464028
641463
2064858
7714961
7951714
21053208
878672
7645946
25524521
841988
4362659
8019038
732480
29790006
42216595
9627006
27250344
795120
2235575
29834690
3917505
33002186
3628433
29732306
214040
22536428
6758047
202627
8504206
6748502
1175271
844081
3226893
6219508
23883964
1009167
622748
9673966
42076063
6497894
6517542
1388578
48366322
25716165
4768432
365698
162057
21553417
228835
4135907
5197290
7488954
26094156
3650899
32493052
1261470
142364
19293818
20454255
13895165
23057475
842845
20781566
31934503
27227913
30126475
1803168
16635706
7736923
27272199
27643608
7081380
810934
23762296
5087518
11003819
5203378
17881159
808493
4426944
2216070
2342953
24002862
239160
26121143
12416257
552241
36567487
43654129
17034116
812096
3760892
15580189
1058717
5126570
5693664
18901435
218705
10261154
9001707
12160865
33246656
1610387
20622482
336511
25579512
10721766
684850
2008602
5021642
23372642
4147422
25768171
11163553
19131838
35086852
22091410
217628
10458342
9339238
56632456
5803933
59570054
660299
30677525
24187041
35651019
1292282
11924750
16334219
27604805
1987073
36082864
13161879
41110659
6495944
12215810
43673110
1742968
2741280
387212
774026
5032621
35594951
2659330
2980834
4079896
24377392
649683
341675
24170413
31932760
5712881
48137642
532433
6939096
211276
3616303
725791
854598
114952
55674
1888395
11014468
24688932
40718128
909827
10052872
722086
4589439
5680167
27831263
29614886
19990858
34217341
277305
310058
678806
2293616
9839500
3134646
6133436
808909
8800034
21237767
1810137
17175337
6930724
16672257
1573281
641543
10090877
850741
644151
1992247
31181182
26685207
18777129
1822821
818895
5479348
365081
665896
30941492
6291660
40153915
9882351
685962
40860003
16715064
32903368
728917
156150
10178452
2291771
1022016
4031221
1514320
21550670
27208897
27944815
44723
6958531
1674222
4537470
55112621
9190212
10347059
18345058
3744826
2487
35063893
37094658
1982788
26607605
8081982
1542802
42334506
3104434
3619150
51443039
22206915
15481576
4904979
151419
1012870
11458559
11006120
110042
17128560
12649850
604872
1545664
41047841
31765494
84399
26462492
9289346
151361
23615247
823082
3433571
53008514
20885457
3966745
25854246
5486499
6523823
2706782
5093070
16544167
3854
17307048
597350
35131809
1632206
613126
4959079
44618
40904052
6101123
8089231
5175180
5860178
28050514
3278359
16198156
38176504
268108
10550038
5853243
26391531
6087198
4943079
7362114
29584681
21345348
309741
51456451
1473735
28685753
11831921
7414387
278416
2838055
5589098
808306
449365
741136
50570600
4084791
7133338
1836784
4525672
1714616
17672380
2738266
41111605
9227027
14585227
103026
362061
7615126
4778996
41099097
184353
15987118
44620449
15199907
1027933
36979094
26599259
29116124
29218716
290045
18886266
15763983
34908122
23028
1856290
33576344
169694
15155876
633242
17854319
5092158
13060661
806111
17943090
23720910
42601062
756981
13845757
4868698
2778378
730889
300733
14923870
4510460
152046
1015700
4506785
810882
42073907
9292563
5332357
46140589
46087830
19486677
7549399
12242577
2387298
92453
20022199
17105916
43037710
98302
12521480
36149776
17820630
44596218
40181431
837949
2556670
3762921
405403
43488632
840245
15981732
2966243
23455424
3181780
33821876
43612693
27827002
10631037
9431959
14278448
18007672
5667910
7873135
43315507
14584547
740183
42896842
41849664
42656469
18030
4436828
7716467
11238923
840267
1149436
150142
42439810
40460844
8440723
42159585
26679025
30545844
2851796
2099260
540140
147947
184870
17400936
3913109
13980670
41753479
23122194
28071911
41414223
626088
5189485
2096397
165983
15889704
20985642
40994269
40953463
35880270
40063911
40433857
3082659
22047841
40137613
14665879
11119490
5666490
40609674
52663
25119206
40452327
40451564
38495132
16931788
32156521
1750318
30548632
35197510
17420673
38308281
275685
23662209
2302107
4496285
7204045
28348813
1263089
29106618
29521054
875819
31835509
3023668
14506835
36568356
38817422
28781494
2555238
1817857
14101810
7580465
21204619
38516065
743025
25867561
7166573
9861561
17683386
48908
381960
5420716
1360449
6636398
17003397
375513
36049701
13250962
37260760
2613281
6845154
26232731
12745253
37447727
3388586
26884224
4938224
996207
671371
27148614
30704599
871255
1008236
11006392
2357341
12528711
34316786
257233
135538
34777360
36577791
682829
4886277
6401277
3982823
22614662
20866828
6760685
17014973
4387493
5591529
8111425
2108152
34928119
11944895
974991
35676794
1065514
21014846
2422526
26040228
35169900
30930193
233754
6167412
27718657
34980720
13513619
34857559
15844494
33285323
34826661
16124933
11859899
873412
34329883
2300462
2119690
3505283
12277060
18970808
33059891
26114280
995349
12317238
33325659
16699878
1843197
22369230
17954747
5597578
33447209
33260557
82278
33315814
609868
217633
2666046
9517184
3446830
32640793
10653492
8072171
32738024
27503073
7083370
21947874
32465742
32055747
3053123
5933300
2738901
81537
846910
8338019
26049756
24140892
10180611
32098
2532992
31747416
2735486
3822650
879065
20797184
4109825
31795716
4153317
31476218
453075
12737779
25551281
30644067
19958361
31220717
26790418
12943914
1438105
2421101
30389422
30697976
8783
28719415
17419691
19460922
27949616
30653494
30557046
27782681
8209543
20706133
54091
30234605
152503
30122774
722421
8061064
983138
365426
29986984
29963884
29888150
1304733
29680581
12376306
29482733
12879560
29222714
1814221
18081395
857907
13646463
7156358
28649534
5042500
3332841
20360943
4606929
5467642
26167900
14630688
5962572
27850503
6950956
12372939
15684268
27416236
27664660
7149094
1218375
1271721
11973692
23593112
27157209
325499
26835661
6758034
18842134
26745844
26686468
43601
7904539
431617
1524842
26407662
60507
12523325
18462714
21994413
4854069
1368291
25657070
1299616
18958934
10651941
25495402
25671431
25944736
10450059
767588
8445164
20760547
25664419
25632069
168018
16880627
4713715
18793242
4084743
2134462
25120567
14622829
240761
1375282
23751446
24146750
24791627
23018917
330626
920841
7537742
7389099
10977731
24288411
22237084
1165025
10268393
24567721
24512328
637109
24358729
1711973
7304962
21250624
2902510
59858
24104521
23312164
18145367
18060732
1662339
23275500
23953658
22914749
22638848
422358
630396
23194142
1175045
23686451
23660306
23642099
20609365
11281385
19007220
22490402
23409532
16323282
4681299
23048445
22867066
23033370
351924
7609538
1253774
22730021
7608872
22708382
22640058
16728981
1547555
22447661
6061217
996563
5928250
19018240
16157934
5122849
22083509
20065234
5800979
1080194
20201325
2323276
21368717
5151855
5177235
2490234
3938617
41894
18993096
38412
20506588
20391096
11776018
17628638
8610824
2156502
19324117
1405983
18829533
698848
18648535
19376838
4549521
2386735
187813
784000
661339
9094654
19006244
943886
247345
1794484
5294108
18725035
18651021
18617976
18400736
13883004
890599
9248087
17042363
18294302
7375591
4869220
15065311
18099993
16931423
17016296
9725092
15619405
17398196
17349645
17282271
16442707
14522400
14962149
17065713
17103256
17078613
17006486
8182519
685744
16875355
16811330
16764773
8309928
326867
5241644
16408055
4880547
8375442
7336164
4917591
1274129
2550253
2776654
7087958
15547644
10753472
381546
15457098
14608551
15274708
6845682
15276901
15026493
1327975
44756
3981927
7261342
15057528
12905644
140166
7030111
12987109
857017
756935
14378245
1530779
6428811
14643950
14468674
649543
12364336
12686123
384537
13961527
7764456
1012388
10178420
1009462
409181
13084860
12958714
7276837
12011469
5918968
1127874
5990102
1398906
4724620
12510843
11040931
11903288
871311
11485440
5106150
7537007
4306164
10707880
309970
5253871
4961879
714754
4011342
1110086
5662456
10573867
9299347
789085
618939
4768662
9998102
9802746
6767914
807489
1071682
9669765
9650041
9493441
8198318
2139411
9147152
982802
240110
5437110
4391036
430841
8698238
74871
252221
7494712
1041526
8497540
8018596
5819155
8265580
7300214
550529
7067143
1779684
7675619
7504641
2423474
558567
1489419
2353449
7990476
762695
7596630
7966969
7061555
7338099
7814563
340931
7745020
1809235
6855179
569005
7575617
7541699
7513791
5566896
7482760
5100007
1306591
6893968
7109889
5565486
7309073
737766
2386438
2892840
783284
5642387
80115
6290155
974705
926349
1067701
5110611
4312250
6858017
6713853
6658027
6453652
245369
6721485
1426593
165019
695169
5048955
758623
2206179
4585908
753485
3514301
6188647
6181348
6098131
5117804
5448484
1467546
701949
5974114
5216700
5973000
720073
908056
661795
5954897
534131
785000
1184728
1914889
1485324
3456691
4307831
5231340
783200
5591763
910580
3532195
431232
1386612
728880
5181663
1733037
745239
2014128
700878
5378913
942583
4908068
1260156
5215779
821479
882620
1525268
5175988
1033836
5033104
5001617
4979544
941517
142219
2731250
1536452
4933269
1036101
4899990
884828
3296586
4874209
965053
739382
1279679
4789888
2175117
803912
528049
4244629
4452239
3161799
907781
552420
1770423
1414925
3002412
618401
1409253
177075
4191783
1404241
566486
737811
3466776
3999061
810165
526791
954185
922660
1673870
614564
868823
3724363
818879
808214
680153
728661
441076
145335
171488
1078746
966557
742508
963381
1348437
758166
2379723
3437417
425335
641370
1639516
1889464
3463771
2110197
155448
111016
187045
434421
380007
707015
172023
664544
1392219
1971152
869967
3211102
406605
156016
2920330
979804
90236
226460
246989
60246
776902
821449
175369
630458
1088838
136593
1174007
219945
2840403
2913544
441996
576757
575789
872456
764891
811717
839465
2240369
2173761
325633
948641
163311
632713
820134
1302421
977760
28059
142611
418847
1428104
1654065
253899
2468813
441261
617
1177809
835824
668832
1663772
643837
328539
1441591
736174
807913
372814
108044
870078
1275516
1291428
806634
346757
1689885
1248214
822293
443640
791956
1958002
1469552
725918
1586876
302208
267300
765022
1517027
1780163
23178
631969
739685
850815
1004219
879611
4128
855078
1228042
739299
230065
924679
981695
241340
1585430
1476401
868976
1010198
850863
1311255
976939
458143
1298562
873780
1182426
1387644
585432
45566
830991
1032061
924424
758769
628025
680597
809096
934579
878812
959041
831657
934573
521253
13566
