25683251
14517388
32366803
22638203
2113369
3120703
22832730
28792952
35855837
53047530
30321415
837719
11401679
74010
25628266
31889655
3036295
42933739
3429698
11130800
24086075
49415231
2589613
34204757
4083412
4368030
13996443
52692605
3190250
9791830
4015044
69504567
3719361
45970249
3729
44242269
31717866
44562730
21030932
41563115
2389398
61647175
13046
3130616
1736146
58146358
52652
17607261
192952
39961065
54894595
13791470
37628894
30094118
12176932
11439
27549933
12472748
7464604
24706453
42732161
30795469
41692131
13828094
21828823
9566698
24322596
28808379
2101007
42249562
12456161
12494637
6554
1875193
27097301
64230542
44006459
27677207
3258490
57394862
4808834
7131768
832219
3165326
42583
39113435
3999506
8500742
21382813
61248464
26530267
15631602
41143816
668295
102094
3876603
1454259
31174757
18575884
19204671
14923546
739484
1609380
42503448
30110528
45869411
18749875
16573308
25191003
1312033
718112
27738035
58253765
1885769
3370097
31181051
28917444
899772
13570902
13713577
54787217
560220
11729899
32562366
10127
5309748
24643
46110796
19990426
7516748
24319089
9329599
3748257
24100162
64292852
5053468
18312464
4097615
11616271
70240048
1071
9174799
18922886
26207488
8647860
30381914
47054337
210288
53377666
58423603
21778751
9249386
11967127
42496570
281069
5815245
1755529
9272913
30458072
17321180
55594910
7621990
36034439
22045980
716754
66362615
27591128
4832957
42115701
27725058
16651468
4549533
14864453
313531
13988737
10189542
5854579
41900720
9903675
1503637
10660737
62615575
4263375
24652563
32928590
12475872
1950158
19380855
20895727
11730757
69741974
2517978
10840768
2989434
11689910
47722618
32388239
22722080
1427264
14675401
19643711
363638
54203803
67769414
3114307
6223613
1247069
10052126
17010589
1534024
192800
1111521
16147405
65489504
32443606
34262911
4186971
8472137
26186025
34317109
58433540
9020989
49025328
34686186
33107896
17959407
739535
27548763
12703596
231375
15917071
30313746
3251020
18586449
21240611
47500086
68781816
39777152
68095072
7432940
2849646
19095998
23045965
12513486
40565375
16131071
200334
12149998
44539243
18228262
56878489
12510933
26143718
18576597
11471
5165764
48582191
12037833
4244444
12362392
22312415
57142587
25816479
793535
5689807
15981693
26056058
2615727
29191984
63820266
10902134
3986357
2904992
15299594
19107
18845563
1247780
21419240
32572434
27681005
10867342
980850
10210483
2691776
57529772
10918090
68230276
5944865
37778914
11966913
52185788
5419140
12425738
13159702
21397929
68046566
7935512
57474527
23196712
108126
19618177
13358612
52993282
23852680
52607830
43575289
8665235
63673
24308253
64308262
28273889
21922216
65595386
269069
10358422
65681220
15477444
33294472
29406784
6679923
3503837
49152809
3503341
3781542
39935262
27781
67196374
12653261
53045
18391840
51567159
2160591
8604154
31887510
15223331
5059627
3591379
3884300
6781265
15764608
29965387
307562
7747686
11966877
279481
1183721
1686726
38460
11388858
3565186
18223385
371996
5590489
5531192
20070524
30858009
8504919
21549155
9810880
12399691
45934056
362086
9609543
34513187
1548956
58819244
14552466
9697868
14848289
12829919
7561758
19677082
15975354
21180143
61873264
2180502
10786499
3762082
4686978
64930140
45726647
8116879
22468150
30781083
2544998
58710195
1120035
6029329
15736540
64147348
1433978
37793413
2204446
19157454
28663
23652503
6388220
15624237
8657864
32177455
31656401
44458089
8118533
2303095
49864784
11526455
12036858
24555750
10354454
18491428
18683023
10736099
751873
22445756
51168
12684227
12379262
62569851
61706221
17336344
18241280
16977052
39068752
55164488
6204768
44209646
21845564
315309
8602455
4188152
32432405
61998822
842387
4222648
15598568
8326326
56138761
20275797
11553257
60906703
168743
8993256
33016808
24041943
2760002
60426090
61032697
301719
60914044
19037106
12871596
17678431
5282052
12380737
50382236
24623087
44812130
39792035
53681464
189326
8651179
28438735
5013357
57861724
2896854
12375209
11156040
41485128
672573
37292349
2677491
10553089
8645894
32742506
12810559
30876456
24848886
168113
8474179
2740141
9361360
29766261
19499043
7666048
26475292
10434038
6391547
44567703
8804112
9621383
24015655
58378710
14824864
15600061
8418425
4534269
612664
949043
31074659
6298784
612396
177095
26468
4099366
2846640
14627069
24719654
12038262
1196725
5078463
850885
10257889
44236171
57120176
30848009
12478812
24503936
9476469
11650496
7141136
56531623
56442910
15556782
76501
18101737
32420692
5388218
56006923
15085504
9565122
1321682
8482895
27758980
15767640
6014292
122008
55672663
20723808
24150307
45812446
11610950
156150
51700317
55441727
18781059
41888920
26299886
1254545
36694989
8344254
6029533
8113556
3982841
21068393
4388057
18698654
25085742
33548198
25323821
12505261
23181519
53687318
14373765
1420112
48618220
23939901
53421571
26547986
33308398
60764
53018773
29796373
10265724
14225821
46152631
8482961
21732869
49784563
48906373
11047177
20657332
7544854
1544314
17015058
22634965
35311834
13411698
8482781
22125892
50059137
26776868
2441464
10358052
15309715
49526961
33346217
3218810
28000463
6972136
8443609
18219196
2964561
2537889
45757243
4841524
17010448
13291638
22309141
13021603
2851303
9189662
5539576
41468693
14761777
16316294
45666580
3896315
22718790
2724750
1476017
13441035
8145512
3780897
13458633
839711
1879748
25332942
5786929
16633215
1407967
21208678
35613827
39520092
46464365
40572861
31045727
12360782
20487568
45488870
310147
8418704
13008351
64051
5854082
8139247
25228628
18967462
27691779
44139511
11366363
39098886
18964644
7995608
9693041
1469473
12675111
21733066
207681
8612557
21435482
13653815
27468425
7263677
11741167
30324373
12710754
19051505
5817377
2486314
16958309
592430
42760070
1036522
18558183
8435417
16177854
26607554
11804796
1798760
16754218
401525
210793
22608430
2626495
3135515
4170141
40965237
2664234
20276320
17709680
18004236
410732
11409984
1664849
40326130
21398050
11814553
3038121
18662060
19505238
15909057
954064
39187754
22375760
37851159
1444580
12152616
8550685
22169382
32915048
14751583
10114007
37860527
3339701
11482224
2679085
21145423
2794030
17702314
24678760
38569521
4084018
38137601
370844
21851047
37998350
37929262
27065141
1481933
37572481
34841224
14315297
9988430
17721690
3661641
6112826
7189272
12549209
8199256
23558348
21220969
9017106
13780831
36235815
36637576
36305452
36590020
31776126
7006892
2873415
213866
31134738
171859
16461197
35406816
33624293
2440807
20217979
35612866
11999047
34696275
21996798
19880114
14253015
3635460
20006549
22243623
11501262
22663929
12423394
26366549
8483649
2967876
15813373
3466803
2234072
18426179
33923967
9952583
9704847
4415603
13227506
11230086
32690111
8488851
12521884
17099419
33547143
23534642
1484829
32421811
12983321
13045
33111734
666358
17004091
27931027
3839264
23689374
277492
32432743
12421673
20861773
26569090
11473142
15810510
8983176
8235720
29719923
9189841
6051755
31460708
20318655
8486220
5433
11745636
15554425
8982778
8611424
1462284
21579858
22013199
30559825
21839422
1581195
15597638
19329121
19559923
4318282
4027588
11729998
28892696
6008817
13915608
18685215
14417747
28521588
8485676
11176976
25264489
16365208
2816665
2442290
848869
3228381
17359204
12261586
27638245
2763526
27245021
14952735
8124327
3247299
12270013
12507836
22130797
2002778
848343
12037648
3544087
7434
2374219
13024409
4148377
11381977
2527481
25271502
3422557
1459293
24857911
1635269
21439170
7927248
548500
16362380
15782775
10590734
2179136
23483101
16679480
15001145
13022571
10871071
22226485
1500897
8218551
252367
19353513
22511459
22422578
251063
22280564
21695842
31223
11733568
21691100
308057
3085692
12136280
8482778
10918141
21581107
16279685
21549578
21549471
21549389
21222626
8958262
14825501
915000
20071875
20246745
20245696
961710
2759794
1300742
19891802
19802108
13292658
16456869
3343094
19601909
15295214
3071717
19458406
18725326
3439966
2391350
10408003
1427255
18966511
10351289
18959363
18701365
17491458
15320978
8121065
12423224
17576798
13862983
9188726
13776971
15955936
17369234
9017901
17578531
1757785
17504447
17017577
17463410
14864653
16701985
12851311
13708436
16826694
8680412
15704054
7927633
15625974
1639020
16343312
8527641
10213244
16034858
14863740
1035008
16090473
2250904
15687079
7603522
3121134
7901984
15400426
4773738
1480247
4634715
14896911
14862197
14863788
14588926
14794626
14274587
8546399
14070005
2643325
13995919
8843654
2304897
9072873
8957060
37565
6031204
1227508
2212490
11967054
5961384
612291
3527329
12643361
5925374
11967007
12488562
12360797
11966889
12392824
12340186
12187503
11966898
12015437
11966350
11526824
389286
8120275
11629465
1142040
11348343
6174
6740420
11058206
10768842
392751
10501718
10401794
10285158
8485333
9704951
256885
9600513
7977569
9281506
9127060
9017332
8929629
8694495
866088
8655941
5285450
8110648
8489902
8314443
5293206
8193038
8125619
8110223
1260184
7945658
7778036
1145602
5902183
1258768
14709
6234351
6215837
435640
3012678
5949530
5584932
5315889
460259
5220309
48839
3862
52555
2581608
4224574
3551763
4062539
2747754
3953724
3876993
3667155
3401705
3546694
3506972
3507537
3312466
1773746
2727120
2655020
2629588
2673496
1608307
2687213
1075736
989781
604494
924672
2130268
2083865
150321
961290
1391209
1201846
1395405
1395046
395170
66949
989656
681605
