11570887
32366803
58194771
28792952
12845
74010
42933739
1437815
45970249
56037852
21924265
21420183
13046
26986099
14021757
2327033
153959
54894595
8959
37137997
62671373
6554
684087
1090022
668295
1358313
8796
71621
11441
60397461
5038190
45761429
212580
70315772
55072993
24319089
2991476
2154
124273
70063725
58961006
55594910
705286
42115701
16651468
64027372
25142892
66257909
23443154
56557269
1222328
363638
49411856
60190484
67769414
192800
32443606
907370
59992
58439934
39777152
63493465
20887
2059
49073190
57142587
2643532
10620
3746479
31457305
68622201
45347268
34094915
38062820
68049656
33447840
6960
63211580
45432619
1350941
34259370
43575289
64308262
3748670
51172623
67244569
2137
11689
943
11807
52056423
29965387
61922132
40502361
23416
2822010
51050
48977403
6096
19677082
5842130
65164064
984
43927
2042
2015419
64323221
2368816
48604686
3957328
62492972
73782
315309
26697588
36576
184005
10156
61290293
74237
61161691
26765282
41485128
29903837
39887275
2086
3130962
58296737
394850
2191398
4099366
57642030
1797527
47802660
2740408
2640956
56311694
56187596
46908062
1134775
156150
61048
55441727
44723
55115623
55015267
1197292
38965476
42180661
7544854
28449
3218810
46301682
4483125
408
2670439
5498354
3703239
1598392
1407967
35613827
40572861
1254
4370311
156374
7840
2250443
1029
28160254
44459328
44145865
43487172
36747753
6088
29119953
42737615
41967114
401525
10774
40845334
1851893
32915048
13707893
33325140
20006549
1508028
1330607
23359
2299482
4163669
2129
173316
13031
7809
50761
32154
14981
11908
183010
172201
112146
1682841
147968
2892
1102
2391350
1633532
258686
107078
212624
32468
1709276
34179
72168
2255396
2208841
118896
5143
174269
154334
61358
16375
13425
227739
407600
285177
9389
146645
2326763
3856333
3855639
94318
3640272
715913
12081
1138830
4360
8947
2515028
869967
2253809
993
191486
5473
2944953
5341
59229
21837
12584
3573
2466639
