1992469
29321889
12719427
2951417
896646
318938
833689
2688242
4570987
551427
4849974
1399668
20864157
2852520
2780025
2310927
63767448
22940453
65841716
6541489
24662409
1737220
1650727
332238
2347498
9752370
237914
9173733
63679866
4985439
23707694
8249103
64560
112318
20210716
33921249
920648
8595837
2140799
29647505
1298918
340510
9527058
1448706
1617543
4986735
46620077
9867981
11315348
3596295
45585197
4286888
1532510
1266137
1885879
4458800
1079293
35674563
642489
63794843
65624249
19894874
65451159
36888780
17976738
3671664
551276
3618067
13129892
27651883
17873001
7846452
24821877
14269781
18529577
24453375
40262154
11891128
6449103
11309913
21659482
14058428
430556
42784762
42329459
46534065
35679918
29676172
3082659
30615151
40377556
275685
13530055
28071433
1331467
23970907
1935835
3157694
3957752
12652339
12217819
9149230
10308351
16768573
8100751
22919842
1383666
6079752
18952946
17851215
16444966
13924947
4286900
3951917
