3875977
1219715
3432199
1397431
18249187
53425690
37658982
16861386
19142023
25395292
2069286
66429482
58323321
50700969
20061771
11539833
9571705
16030695
27584086
8815211
69556175
10296365
1593623
10692276
414400
43849896
65056481
21492468
32531949
5363062
30750094
49923410
26240272
18597725
63330624
30180904
4876301
16283885
1177150
5557508
53419727
21016629
20166607
65801736
30585201
62270100
1029014
50573796
2107801
37720
27570248
131500
14719
537641
12740751
61167712
3672027
1526050
35478712
1710670
13050104
26224951
5557556
7475765
30137131
33367317
21476441
51193660
50580736
3644927
26531741
160624
788106
4150288
2941151
19024234
4214709
10642443
884972
5555382
1076394
