17074033
186753
50988762
20367484
7118013
541490
1089092
27045009
65713473
26666966
98234
11471040
47863762
36513778
58037594
43017198
6202615
4036149
45535762
9771120
62913756
41726279
5131210
19460168
16193892
16625875
57426092
3824253
34428243
6084746
878278
66380803
65906680
59415481
1038109
5269014
9685987
27653910
2665979
17445413
6030785
571319
58731705
36421541
18916318
58817161
58080178
9593431
46632762
8677640
55269825
50364324
45580599
17741683
43520234
16696992
3082659
40595350
14243340
5930044
20416380
569472
37751437
20299879
9773844
21614217
26002733
23404301
23293745
21814300
11910606
3199855
13690006
291341
2746388
98313
740404
723813
723983
724031
722989
686262
