3120703
11401679
74010
18934273
47196478
1415942
27296911
52374183
69504567
46997332
61647175
51639219
2756536
44792498
301118
1875193
12140908
1090022
48026950
102094
13823046
1885769
2389934
33302449
1176370
213241
270704
1520154
4068728
55908222
496363
813555
119153
56891582
13987937
38554698
3663417
2987255
481947
11082179
10489703
46729954
49411856
57074
7943633
65453950
65489504
811397
2845960
3897834
62794
2580654
20887
361760
25816479
793535
6240013
219236
2006083
4449088
19107
808410
137735
1779512
64283670
65657424
199957
228150
53045
11807
2535954
531197
15764608
72606
182533
127078
2822010
23971
26783759
362086
797796
43927
64019889
2338322
641463
299411
28932984
26455720
35777068
184005
50097876
74237
810934
121518
301719
60831283
51117943
336511
2157893
857986
211276
949043
177095
3153707
2687533
250208
23593167
219964
156150
4015039
12739768
31238400
13632161
13101963
267371
22799
2301964
50125054
278416
808306
50653466
38317
8363165
1737346
1476017
1879748
3067764
1254
354448
21449560
310147
156374
270531
1081296
405403
2595025
207681
4237159
12161229
1536680
1587905
16435857
401525
27027915
19899035
66891
21398050
707803
39271656
22393181
17702314
209268
37265798
4622932
23006303
236456
1813254
18144956
2461501
446536
2560020
2343835
989524
31343811
12035592
50761
32154
290990
14218262
323635
367145
183010
11981230
2442290
11923980
813695
242791
680461
5928250
14788075
354679
915000
493817
17314075
17339658
196025
436013
47455
789336
32468
11923752
44756
220545
11996674
10770467
649543
13630985
148357
3527329
404115
11978972
215868
11932032
11928883
10868786
10843767
1546391
8511036
933896
129515
558567
48708
1118847
695169
14709
766451
1251711
1536562
5867894
1952702
139764
11254
11746
460259
46282
1466757
200874
45528
1236194
38778
285177
157630
4464005
1168634
2843349
1462433
94318
246044
2711353
4176903
60023
3887042
26814
23057
2901181
1091024
373633
38695
8947
1851848
869967
1225019
215446
2754545
233064
687963
50547
3121135
397890
107623
31315
1648597
176974
1128409
876403
2942098
2062028
274917
53419
1184578
2826841
2783791
233978
133918
19298
33721
856648
310487
585312
725437
210506
712690
2624759
28981
299458
2040580
3573
718171
27417
680994
2523260
665516
1148879
2099194
253899
370072
661066
1485469
2115937
247687
235578
272749
430335
190700
2306449
328539
1254698
263506
189674
408237
28254
582404
718254
434282
1909490
1201268
707086
481691
343451
267300
332876
23188
1635498
1521837
688268
1035558
40322
621529
191693
1546328
264081
65919
1250626
311006
399003
73583
146836
215490
1186872
339142
694607
21514
1164573
206568
690601
728062
586377
703071
66949
964558
841829
342508
10891
592129
728269
711368
736839
685873
364250
663631
400919
361829
588095
606170
40208
254526
404991
259643
375452
401173
259565
255230
74779
74796
25287
100598
181222
11863
74213
73643
