2705488
7218669
4802667
10622951
2759734
3365226
21833340
16082191
2241242
56550471
6095491
3083102
21478834
4827054
19174187
6139846
2723106
974263
15501463
35079496
28555267
2093300
30005327
11756544
4149886
25113065
3904686
13374210
53034518
3097457
17685563
9237188
10260234
18711848
18697925
12784801
50930023
8879199
3482230
4185654
725629
3411467
23305203
2803717
2875880
47457416
11738792
12844519
17061756
129766
4313187
5741208
5075250
5687303
1043451
29036295
28352877
9489562
2925471
2966539
7896514
9305668
3112141
21607649
52393197
11883517
60346981
4486236
13020357
1572564
11549374
25036355
26465290
8808811
4464065
4397486
11981176
12042075
14143751
21156748
17679556
13265036
16326046
9370377
37824877
8288011
64219182
29070743
21657118
22953377
1238851
20340047
3759868
11219747
11489691
17154437
12923121
17809186
37872026
19820580
4182198
2008602
4123639
7977579
258184
30824255
24140621
56776264
57543895
20815840
13026333
25115167
29267499
15996953
24390347
579681
12758978
4901464
21012836
18767026
14995090
15289079
46964340
20626439
17027765
2657644
3829437
5894214
3564050
17196953
14948389
20736318
22957432
10763454
7775213
14024322
36733363
26553961
14079614
3471365
13301492
20339929
29327236
28702223
22068812
14017757
8134611
23515261
3147750
13624346
5230171
15377958
21028229
17456883
2047947
4871786
5189286
440954
11239253
10729050
7626326
1825929
2995030
4691204
3035414
3148746
1825858
