37768858
7452984
21524696
48624003
28403558
5934071
17110506
6033936
4147288
61355368
24059962
24602540
64585021
1256913
10093014
59579899
19052006
7201781
11045993
11032144
8405754
29845272
21141693
17461667
9973339
21563730
31710960
65019497
6146333
40251106
51016993
17450648
5154887
8677030
52704076
6646514
9076276
56289774
47354125
12914378
53077782
31684677
18215848
46428792
39297533
14327011
9173881
42602465
7854305
43914369
40491832
37817920
6106849
32219498
22998904
18731619
9469058
17001015
13651492
9917711
10864384
10175859
9781008
