2881911
1178748
1939438
10597677
8119249
5856247
1305858
2619046
309805
4611917
428808
3031420
27983806
8469587
2116632
3102245
70465397
250817
24903417
19385203
5697455
5577345
3710641
2990782
3180774
689293
3210106
6594889
1021108
14018739
13593430
14420394
16373641
785697
4695
434663
69382760
273476
1349626
16318518
6915384
1349460
19618454
67190335
25108184
31614922
63311911
1942707
8295370
66334750
13475739
18347164
62530999
14200684
17040591
4672541
151361
38317
288163
7975540
616729
1049115
1008892
1009462
619344
1123694
352598
