28082507
11671027
62280801
45429820
6508891
12261633
48985406
15509584
65402274
30515690
44697926
57669410
45257490
40932775
69190042
46998005
69034741
17610086
68347059
14788845
17463987
54612445
65715861
1536312
29309343
13223268
6660697
64494644
66021914
64717621
53663439
5341076
19954013
21138274
61802149
26448375
20321718
19040294
7640666
51593437
45128608
16227425
7181054
54333213
5507682
54761540
19193680
20095137
43777425
42747914
40075243
47890473
13528307
8901351
46347335
1626143
39170544
15017229
18358986
32474807
32102224
19021120
29534482
2228668
21236823
19290310
18901280
17129596
13330200
13563643
744951
