27544490
7056078
54321381
4412069
54083442
19914325
8168714
3321101
6548813
41669702
5174357
6144386
7599303
30734957
16106414
8706258
159969
4604943
12443776
15333910
27994363
5223372
40664234
39878396
3118036
63708657
3030788
16087545
7156362
37781804
31922846
23253765
19282385
23595619
56905133
19605982
65611331
25468313
2110769
33450158
7928538
63322317
66367076
22630781
41420771
17810287
5702493
5687551
18122933
12801445
4593541
1328756
37797307
46912106
4849147
30885177
8940772
23014447
30353760
8323869
17420799
47620815
3781470
7942833
16646709
4811775
1390158
13699812
25127857
10282461
4845508
6009278
42924601
15434692
6121324
33737465
6523736
37492335
4441569
28289636
3259631
6823801
55614147
2576681
43194437
20281681
10508877
39387266
4015835
13097542
4636758
4774008
338831
3407321
19710995
11343322
31777090
51343769
3597836
8420159
15403298
48987014
19837653
20120833
22816948
18751083
4471718
50805287
5866059
17107221
13300659
14506770
2112803
22293898
31955214
35232063
23357426
68678485
6315232
3408169
29712058
3231299
5522755
39227991
29382445
32694726
52112076
35330389
5358527
28953978
27340731
1832148
12769608
40162524
42776299
4074594
48227823
16702632
1736146
11484156
23000444
42117830
69202814
992727
6261920
8024272
38136626
17876261
5001818
25508459
4162601
7841459
6689746
22189980
3275205
40816186
6030475
12783468
18356955
47664772
4934590
17646509
39205812
2163015
56249740
18404051
7175234
8106992
43072929
40958744
5398614
16639731
20786771
16149849
32711859
28857560
12831681
27217190
16439046
8203845
29880203
15238324
11331898
28655416
43376627
3217215
29748281
1738366
5425235
68276379
4990496
27824261
29165472
31127638
8391932
20796970
5281715
15996372
29634518
4782937
48087215
7359792
53343989
32693238
55187687
24954671
4432439
1352806
19385891
9995234
7436539
328833
6173227
6050085
64178270
14480082
32390022
4929762
37376661
4719165
23443295
55174476
29805030
1833502
7731612
12199752
32083541
5463961
17114023
22300470
5124500
18548903
6263420
1914007
9819451
2936507
51497368
3383066
39808008
51646520
41962445
20753579
42062909
4621868
8161922
3724322
27832171
4019114
38907433
15071953
30067263
31070166
6776088
5346441
68811398
28137863
28695105
6899197
37192837
21870106
17628386
33619662
17907575
37801127
43395724
3017954
10940205
6341226
8609194
10585724
57142140
4546284
12770459
14830353
61163952
13655939
24187437
18124159
24567303
19938740
48766992
67033489
23936720
5436095
3926096
37154094
25126262
55986468
44733673
64171241
11110268
2143592
8119222
21249353
4841614
56556055
4846711
26393662
44420374
7707780
14851416
48923692
34423377
21745769
2789848
20491561
4235476
8938498
28424576
16044320
5058948
1205668
19850739
15570720
8544185
2609088
3506816
69807778
68022607
12025741
8225357
24528746
18128109
55869530
25893305
19930282
8287397
41311383
5944522
16908084
34698659
2376741
30610998
27524956
7979618
36886539
4014423
52573515
36004654
22326485
2112931
202754
19875814
57024356
15594580
17882164
23566739
28971931
41888169
5090893
57530948
27135560
66319920
42860711
68072517
56199458
27393403
33991425
59147901
12162360
33564750
50909934
12463953
15814681
20139293
55528250
5816504
15162003
4826661
7051351
28275331
23134652
44460131
18118900
36400579
2152774
38693351
67422332
36983516
44034117
41150206
23422501
6856624
4900681
2643930
20771895
36845528
3667861
11922178
26795971
29657534
2969939
53202560
8196058
10278283
4913271
4371177
1254413
63901315
26385010
20065078
26737247
9267080
64293513
27657961
22951254
6537042
53226072
41235627
52620408
5366638
27210420
28305660
58573502
47369915
40289637
53345341
37843818
62771316
13071101
5186506
5451220
16950502
43043658
9848527
44268596
7789797
22618688
53244458
731288
20213332
25794387
6982086
15222249
52769724
17039416
5120868
4828598
19383363
40759314
9862908
4885219
45796954
45444665
7514094
3479579
7972872
10665419
48803344
9955772
8247462
2579666
42290466
42234443
5706516
18524439
17246038
10367207
15522001
7273288
9216884
4875738
5662747
7174229
9021030
5994996
755231
