5440919
30330629
47059900
27587886
40137750
12620802
2473654
52916524
7407618
57887146
12520883
66752399
2467154
5977341
54885875
14695920
2825502
1101154
219405
19669602
28267846
19092578
5626789
20195473
3671624
68308202
18396234
12768558
2552417
17406226
9439686
4730202
18735050
49744468
67604711
53135257
22975182
1807
14408588
20892988
45830763
19006759
70148
41652521
51242592
2644718
16401702
19767137
30050219
51657452
3935030
39865093
2515673
40822843
79386
1063637
5673723
37868527
2029102
19959610
57254360
893551
11594237
11114342
15270866
23248646
8887157
16698131
3671110
2347967
1822398
27431750
8665707
12219035
8407440
15214087
4056781
10781424
4410073
2896969
3332396
2469622
