14428595
9281268
662807
4394470
2148801
244519
61951137
31521248
13035864
26743051
1437032
32157323
40737439
978892
19528407
203022
27225061
68853472
6193846
32044413
4172255
53579075
38588887
38014273
3583114
52534897
9055527
8374988
63610662
9422982
37058412
66989282
17890320
67169000
8538708
29384776
10422815
19855775
10513389
42777715
61210046
65320504
28559620
9777425
28696268
27651883
15300524
177418
27287529
59563650
57441797
10936061
22778036
53395023
49793902
10189232
4713202
11303102
45214126
12128633
41339379
18095317
1894130
22677471
38772736
4548083
36903543
18535150
11661379
11282379
21056389
15185955
8337314
15654979
625659
10930199
1438109
1183169
1428104
180364
607238
1051360
