4210041
26739219
13169543
26554680
2398028
4922704
1586448
29302889
3918580
9918065
74965
22419244
865637
15108731
77336
1441633
75757
46579597
5939194
7424459
75019
10708011
75081
33343404
68180277
9927329
37232005
74259
75321
826947
16630206
27187444
5871235
38756252
1542915
9322567
1372101
9252480
7893292
190769
1405966
1690097
22709169
651161
35162884
1254413
12401727
27155909
11380920
1513580
15461621
2329369
16450805
8299176
25642295
1030463
15182278
9616503
29257492
21065969
8552189
1636064
44682970
30947599
12753733
7645244
3279196
33311239
683864
7208009
17925742
4619370
1314377
2738901
29138237
11915281
18873958
12184246
11475115
311514
