983479
24192636
627666
7359586
4889116
3078995
4988733
7668189
5477262
4061219
5454021
731060
1405910
3031017
1402070
4813970
34761306
2204659
7341068
4688657
19713035
5575914
3748721
12502667
6847614
1714237
75857
5457171
177384
9228642
7658657
5293701
13535966
7329736
4986812
7346914
5488337
1154815
28046440
4277731
5644404
740688
6833452
11164760
3270188
6917464
3721054
327471
4663521
54170786
5361057
45765880
5616772
3887412
4980728
25187798
2483439
4102218
4636527
26925883
4471081
5230565
6367273
4809138
48404
1360283
27165254
4548226
32795223
3722438
2201617
724974
21654786
46972478
2602702
4016487
1124284
5789353
3605501
5759810
896347
2530658
4277009
1762906
6659735
33758126
14967924
75360
8968539
5064568
5812324
67555
4109402
4691325
575037
59250065
4659650
4642710
8154697
17067916
123166
1148834
3192508
4344668
4103079
50378
3303367
4035033
16386248
3643827
5872361
3189796
7449812
9817760
4163146
2826507
16373718
1388457
6008941
7220292
7266521
991044
6054363
3631875
2058873
1783618
3373778
8677900
1101220
1698087
5435311
36593810
10653116
33447134
9453306
51870234
85311
417672
1312450
45102351
3501544
3500039
1273678
156836
4493868
26885820
8724245
51400340
2719267
4612408
2397696
6990466
3870381
4806374
2378096
3365948
8422973
6075458
9540219
21734526
1599509
4105089
19775486
659073
5680416
3181817
894462
1524451
4515478
5137040
2522741
3936703
1481868
23082260
32727936
3520669
3984934
14618
4934471
19647409
1445462
2681812
1179081
7650833
2674656
23524533
14093623
3515991
36011329
10330947
2639799
16040283
24427727
16264697
2294185
16020427
65047666
2150823
1812013
46176657
5810110
1939342
746175
2401865
3415546
1776907
26799809
3330160
7117994
1028829
3082567
1682752
12378
1924282
1963413
2835535
6433690
2366949
981514
25560991
5176167
8426828
1518370
25784798
671879
4446517
12361134
1070487
4949536
4648943
841181
3201413
1222209
14976933
1611008
73868
453127
17792043
2792346
345003
15082077
9849082
44632980
1452219
2735893
41374743
28610594
6652095
4373732
5097490
3361762
3318868
5206717
24189924
12083470
4466520
19180358
552154
43648096
5393055
57398995
4771668
5635611
12087309
851908
22466988
2913477
884879
24356863
36700720
12013499
12051339
5098394
2695465
4883873
89241
