8246333
1758594
351980
12785689
10469519
48501462
66934065
806281
1421047
41012
1292132
8589184
826719
4907436
16274127
23948378
43966290
25991956
67559575
66808208
65766851
44791477
21341422
251645
6895059
2454414
3077906
2839144
24807472
41132260
882466
51282431
1037856
9890851
28141220
8763752
1309970
17657777
316986
12467677
42309623
892249
16766849
9089156
735517
871798
8797729
2895435
5090398
998399
20577038
690700
9074306
879750
905856
895830
2673317
2556885
712956
856536
121057
419703
1075224
