8591103
30033118
5582527
66166505
24862926
45006
943706
14884012
5319083
63819798
11261097
2775757
52507545
19954743
9588714
2558238
37095796
46564910
12705492
38652464
69376242
26934813
1305849
68152241
3371027
64158826
46593070
19586352
6317643
24147556
10001892
8763046
4704101
17229431
57890947
15115481
32157586
27383722
20840154
58839136
62865398
11411488
58979463
7687767
62098297
59148999
32564579
59258024
36574938
58675339
5811119
20348736
20941960
28104317
7528035
31275413
301198
2777428
6923288
32162284
22232326
44829659
44653189
34987503
25138197
44432225
32949933
17477911
20284003
34217832
40579434
21038393
32831580
26518807
38980975
10615419
7446721
3457711
3357780
8409461
33683388
3216640
12123064
32257357
32193067
840399
26062952
126805
22020439
21035814
929412
22618564
11864810
16436869
1435253
13721868
19160540
13039051
291933
2248871
7782431
117426
846529
