856098
992727
3513170
15605417
6323492
17447518
43308234
699633
8371821
680017
60876402
865637
43131154
9374693
4477427
69015536
5564587
3656715
1798332
24958285
15363920
1324367
53262859
14471270
38454394
1981891
32696512
38563377
3947066
68138702
17312417
27566951
860877
66960573
2492056
1254413
6890759
29065472
27532518
6036575
1322154
13708461
6324581
9379042
28686208
13178027
3478288
21229715
4607718
62025860
18616664
30340268
18125081
35086852
18847495
2006174
14594030
20224795
3212076
1068025
14741591
6966165
25927225
10938772
1901945
47544802
6359168
15806350
20193671
3583627
4987905
1925402
17968021
4787219
10475856
9605533
15806245
22875872
16900941
6488078
2738901
2825548
7308367
22972810
9482931
906377
14973444
1012388
1009462
1962334
9578140
11069151
8309408
7899143
8036255
1069065
7893501
4776008
4225380
4233457
745643
1065886
1350849
1863572
1855310
1066738
1066735
970211
1157370
906369
832591
