10340575
21746695
5021873
8345274
52688701
8347718
9679372
56552194
4235182
7654830
30744050
39400621
121040
30047819
28278782
38095991
7441557
21648631
61200633
9673325
42836983
10384299
11051499
40035011
45273063
11412750
827451
20332887
1282528
44763032
15807290
35327322
4234539
20807975
31483522
4737936
2077213
8114428
16295571
21460822
9229463
19707023
5825113
3348971
8171142
9531157
21030382
26999270
8457961
31279422
11799859
19988407
58449513
4589673
22826878
9230509
9477275
7696750
7519935
28570863
38089578
49574657
33619567
2476440
57162915
9228741
7548361
8645887
59408131
34255419
51561438
4556572
49694058
3792490
13844061
9230612
33359172
1284933
530293
39710841
6324819
2088249
52442221
11827509
54236288
1273695
46856110
50565654
24589832
16938188
39437907
8005535
10721248
3423604
16984470
2268137
23245860
8236339
5293069
14206456
19264004
21207969
22722013
19156284
5265070
9205148
1985185
