12259929
59329
68722931
3364396
1152569
17919165
70482742
23440526
18590544
6953181
1648857
2340086
1082803
24360203
26934813
49459980
4349147
3033238
68182665
6270260
28942731
12055420
38468957
49605644
36017916
19645828
59206534
51541882
31317338
44234910
1784848
27689416
49112058
9783400
2671624
1890349
23423340
866707
5480989
30010917
21726115
37797909
37469488
34026974
24631365
20903858
2188996
3113142
1661343
19619727
16798753
11991123
885067
1023768
884339
1650824
3831948
1686450
2941296
2142942
873473
2047166
864811
910487
1652972
1685920
1678949
1663339
1650446
1648601
865412
