8758759
7979407
12375349
11447981
8293960
69069269
12041196
9518017
12280863
31644674
68306638
23017549
16275587
48730099
13161905
34147034
10468684
59843852
27061486
5662964
65909654
35771638
11664536
21154360
5518691
14824061
27249278
46504340
8977227
18958335
33873120
14125441
33028438
1119989
18697378
11451654
38145068
8121331
21617971
20188667
10176145
34319524
37575492
21995056
2500760
29370452
8013892
22259743
7563288
8574741
9973881
40209211
9268279
18899189
12043998
27482771
17470753
56039714
11581127
4769839
9246453
27009243
10945409
16390321
33558310
11642701
33540649
11641788
9339062
27739420
3141297
19471096
19820412
2932426
