2237173
38392
3920522
12584310
4379514
42508
2814075
4622890
68296661
2762336
6666306
4612721
953626
223837
1886642
10083492
5384510
1686336
4537004
1823219
1637878
6112645
34410191
2613919
4109264
1229019
4597323
42638574
7182194
2449271
1310688
1020736
648572
198122
1033111
4780173
3269646
57882195
26828446
7027706
956426
452393
2224905
5775806
4369973
2045333
64178270
1388304
38070716
1117872
45006
13012333
5275016
2310290
4610234
2078906
10139520
4367400
6609041
1805180
1964146
2141067
1340558
1427243
4838497
4620915
5000802
4721787
1229652
60350950
2682329
660175
1120366
24625896
26581808
8166478
4038197
2176115
61519
8491232
2680107
5158511
656888
2696240
39544
23932067
69965729
1033687
13161076
4974957
37197885
8408956
46059270
812792
25336094
60572642
4034296
3082134
726306
4446517
2838930
1413439
34017960
3608411
5532804
3989689
1172851
3271027
58073734
788726
4634710
1233458
6201368
9277149
3249598
18986213
30844581
6613297
1724626
751904
641463
2322565
7853423
63184857
13303104
2379955
1652081
5225569
50262460
151361
28049745
4783841
405403
12707141
5888219
5450729
6924224
1817857
25109119
12390385
2833134
6917796
1075981
4348589
52334
2031073
3030678
2386735
649543
13232439
10785433
9726439
3266200
6614467
6942845
2412021
2650984
971116
2175111
2244430
2125174
1228042
