7262136
68884404
339299
1222699
28142114
922164
63542079
27590007
53254119
1026538
3448703
6443230
63180830
6500511
10595080
5886238
59825547
70336674
29498554
14434163
70182998
5306971
67476441
62442207
50425834
1188066
35350745
1982492
24110485
19043775
7976430
7966971
591640
27253398
862216
30628595
30393545
137735
54797791
858871
9997075
8094549
9779248
38335083
7133144
21830422
27874739
56440508
32057490
1051500
8729391
7966600
55807634
28040811
1167673
31026453
17541502
18728005
30763402
33839733
937043
27835738
53079525
7642122
7281733
40046367
37999950
22546503
31537592
16204782
29854853
9257
18977482
16687403
15075453
12027152
7972098
8049660
7966682
7966887
929011
1255995
1134232
956371
910951
921177
918639
910957
909704
