6953288
12178668
8034409
5925164
41773408
4926670
656591
619935
12805994
32989
69856953
3918580
13796006
24714113
2752917
5565661
1291067
43702468
20110654
46684524
3650159
46205904
4797827
5722821
27053774
70062218
475109
2658652
10634753
32974
4797690
69233617
20765711
18777693
17240610
587812
33429861
10498332
32883
11837355
10957625
12694162
64346511
10288415
52807957
9280600
34504882
9798588
2104766
67802558
9423558
18154458
317409
13072894
9549772
2493147
108667
19099543
67007871
61306962
15882346
2841102
44211111
40592272
32032
21842729
30344065
889764
6201205
25859168
33033
20455965
4047922
12363145
66644321
8678194
12702302
61511787
679061
26082756
55639384
27613110
9089727
6471276
12253171
10961767
57637383
29927478
15528076
22725974
1040109
9381488
55616181
5031873
7541584
11230370
8765837
24022651
10884907
11649386
7982038
51219112
1860715
49403727
13279804
5329331
55462126
32753432
48088291
19906486
43472925
1868013
108863
53042471
20027591
9999545
32659498
12353895
17972618
2936961
8238952
1705717
45481207
43437107
15836624
27221982
805848
9802393
918261
3197444
2543455
16044421
4295567
18692451
4469181
38852579
22257634
16977120
19547511
11804653
8721917
890618
5641747
5262792
11280774
19948865
29673814
15692968
5953401
830804
137186
7780147
125633
15157844
1115810
20214689
1378965
17933496
14560622
9526473
8271299
551743
9539512
9410560
12083007
9801148
9798246
9603870
9599379
8827701
33292
5499073
3917095
2395731
3497946
2519307
2509328
2276663
791313
50965
