70577677
245054
137418
1132
20359345
1236663
4974789
7121740
139842
927462
822212
5852865
169707
17106212
797271
1886957
49916214
7587778
3214161
7891760
9251344
4375954
3527087
4274600
12807723
816920
70919
17367387
6601266
9345591
329301
1838334
3464445
1273532
55518
187821
4550761
371105
11079451
55792163
2865149
596604
2867796
4564323
4605926
584027
27952269
3845157
229232
3808983
2167526
1215680
6244185
913864
10593300
12170897
8185371
10448634
921673
417595
1461213
2185133
68513900
3978329
591549
3860061
22251034
3002240
2561827
16514062
1069240
930891
38696933
8141162
11987061
7237609
1166762
11413290
11413437
5801180
6327931
4070861
25952434
9298597
17449431
646659
1822769
179137
6399439
13122932
13123762
18849270
10070352
43615495
15574923
11512234
3064
8267005
4575375
14279264
10758483
865568
5394875
9120302
18854810
29923062
371942
41880727
32226704
3949623
21584040
3384199
9452135
18990066
4066894
169709
921552
1181554
174971
