837719
3729067
4083412
614778
31717866
2389398
19682059
16095609
1581419
11465492
20772420
24834155
54493655
1864060
41692131
6146974
12494637
4885688
18475818
3388072
3044879
27677207
24282381
102094
12090181
23969418
10398478
13006
16944073
18068539
10788586
926512
15734032
32539359
32963888
30322801
19176153
12942437
15045630
48283578
24707164
50410143
19013997
12149835
6128682
15917071
47500086
60749457
46819318
235868
16218033
60853001
5407762
1536735
12905780
22043912
13159702
41488701
58331339
41652102
33233696
18754862
1126485
11644336
25117978
18674196
10411812
25604973
12227371
2180502
6502868
58710195
19353733
14075740
5163183
9755352
19914195
10261038
18777261
22221888
30146851
29515889
22111757
34939336
44360802
658026
2998173
30731891
40373067
22164734
12393796
22756612
3896315
5653599
29469023
13791390
8079748
15921668
5507568
5484554
44653394
1469473
43309182
42223501
1851893
19132722
2809932
731538
12379757
900034
3471365
26218190
16139365
24058938
30867853
1288125
5212259
2983719
2630531
23583032
2985493
4023007
1500897
21527364
2077426
20310989
11909644
16106138
1413835
14023133
2304897
11027891
9290966
5770846
2560136
2457617
303846
45969
