74224
722069
995356
2746453
31166969
1012265
3263129
3105310
226982
1143689
7013001
37521020
2348982
3070540
2441257
3177314
4254063
2875120
2881579
15932601
6087944
5085609
1892937
5523757
1239013
2620130
36329036
2620235
2667246
27941875
4314314
4367636
2870965
18089735
18631187
4370309
49154961
6744194
6825242
1380916
92987
1385181
29898039
422725
295524
23353155
4422468
67723368
2088611
85524
59175302
44354938
22801036
5095248
2811860
2863799
8784169
5877200
5032018
3518726
35061781
31628974
954927
3751353
2898085
3809578
25880157
280813
36874425
62552454
15634409
27824411
1137727
14105723
50109669
13313462
4347155
28471492
32585249
3457540
361128
8120173
54144293
241437
1251249
541298
21799912
7061411
238114
2642783
20294759
2853266
49729453
859122
5107229
1358788
159491
38495129
55853880
42915396
1250610
18515258
18806943
40733236
8435073
10469135
2129187
40079992
6302813
95645
12290806
2642566
28670597
13272724
9544531
23079912
23081181
15899757
945310
9862658
14709402
167382
2511839
10451211
1318556
944639
3447679
