1246731
8590629
21653104
12680290
9728433
8907062
1636847
28051792
6149321
32036870
11081458
9457356
30096088
3777746
7460875
31568853
2359429
5617445
9382082
23673069
32642314
17173673
10461527
30538095
12161493
10534965
6921358
7128787
6711790
2792254
22241983
4581199
11661352
15866773
1349585
3063598
24156425
11997221
14907085
2533918
17602180
19064361
11322900
17117742
11652797
10252334
2988257
15582043
3725858
26938137
14584279
14242043
7252409
32087964
22259658
28994592
642457
18007966
21589314
11705340
22539761
28995979
3336666
8488651
10124386
8721146
18273427
7039429
8125774
7250374
26485801
24361825
10321583
16775394
13058034
1836113
13071507
2846137
11801684
3841858
