162299
1324071
167202
159917
9512432
1069458
7520773
456447
3191513
20993591
360397
7076180
8237287
22347589
24035194
1070336
1829121
33001870
17866060
25667380
36253308
22764329
21085832
38467363
20053429
1695069
1324772
9836958
157319
38015847
19888404
5472898
10196438
27004097
27484881
25646452
330344
11633307
2602746
8573531
7214559
31588350
9303960
140449
8265573
3241418
29745363
18220917
38332990
27507787
27233933
39368236
7448830
2810471
10204278
10204121
21247271
8449283
19526631
3142990
16970246
10084743
1268301
2838016
4129726
4045079
2130749
1314928
990819
989073
