2262301
78145
4424620
613568
359659
29586821
44138334
3884495
941470
616311
995498
1003617
420094
1306597
65453950
43737223
6571786
7848430
279806
34766567
224288
30773420
630618
1098670
22761049
12807188
48406292
4021478
16310573
59033529
61794798
3187640
19535528
1098893
12983955
5425730
63158064
8932543
7227902
3399494
4213982
38193859
7251256
41085129
2238808
4878001
994170
20334063
7866159
4029764
12027643
995313
12803508
17137485
7441443
10155693
4207160
3050283
18489290
19077193
7587403
1001762
20864229
19081706
4850130
710218
5127220
6063173
4852113
4437963
2658868
1003825
903859
393206
1001605
998092
996848
994757
994426
