1072582
1499834
2366358
4472316
754491
1133601
1282297
279256
29843800
9874189
2241236
463600
2220247
663472
832432
39428182
3089655
3565785
5812412
5818960
699633
2406620
561013
1025243
12498550
106940
28912079
2843912
64683122
36979
3760959
4911832
26028729
1607804
34121581
4091267
17418128
2981170
63606183
4515691
1775827
3675162
2489356
49809
211841
20910410
1222287
3179484
33718432
3408944
4677801
1853676
15153
1639624
507421
36854142
777888
30770782
3073711
2558238
10074479
317722
26221672
1930362
17753126
17905146
35420
66045555
6016813
65352596
65453950
53459311
20756850
1763004
3056753
962551
787041
5998713
9236500
5800522
4434146
1666889
1624978
4281688
10030721
3887610
6337211
9840327
7192765
38752009
604959
962398
213414
2981498
65554280
19123904
65345469
13118616
1594071
11064612
21580953
48462675
57105890
17304279
9253118
22132711
1096716
20227054
992801
1808875
182302
5683925
6423034
7316446
998182
26402915
17769017
1593545
14966985
120843
544580
6138233
18067530
3716135
18539698
1167728
11125573
8545880
50907218
4036159
119860
12079603
18371881
15682212
30223475
16613706
9694967
2731884
990842
4508348
113082
30086723
17089912
14077047
11914132
7963582
10713418
17099027
7322218
5229028
1020228
1408487
30714450
7862412
26365635
19592468
24686629
4908663
5908290
20971072
16091492
15022578
2031845
11506392
9907694
3040821
7862012
7625875
962732
1473316
1028469
963159
589679
987289
1015457
1045526
997069
1104561
1021363
994859
