23734923
8001952
339299
2426157
900800
307682
10508877
5001511
16901896
15866548
308754
3200217
7534827
8849509
2165916
1923198
2116632
3846743
3121109
12797167
193607
13994915
2671351
27442633
1887926
4682793
3334960
5961450
24490388
5217374
17850275
1926181
9471875
2364875
3102356
18003512
15424442
1901273
758083
12383228
19366325
21151717
62575455
12917664
8701005
33425128
11016158
85297
9194966
7396462
31767130
3583114
65453950
12911164
1983361
4365140
21240611
3423807
44814560
359022
3021750
12597285
14565324
1760419
1062702
5937325
10865630
1763344
18522625
9390205
3288865
1589301
40149285
64412186
11208558
5799637
13021005
28053185
3451630
32223530
4085868
3868375
4759266
63651597
6821101
21537075
7679123
4790815
1762212
9296747
41744217
25822203
9691594
44040810
5813863
4976045
2183452
57847609
17148122
211276
514398
5799577
55548245
18091623
15127827
14035360
16592251
758202
1951442
44050654
17066233
11392452
18777801
16056221
5517610
2619052
13165676
1644185
37474635
10570201
33079881
12240424
2086069
14408683
10461445
17703591
1066467
9677847
21456717
20838209
9494651
1839871
2915529
15905099
4719644
17238554
15416355
972869
13068283
13114805
12204870
11209580
7557796
11308509
1010459
6580658
468575
1241882
